[{"fingertip_distance_table": [0.0, 84.46422355314591, 108.08115850680318, 121.28574819055137, 131.26368019016647, 84.46422355314591, 0.0, 29.015607198597554, 52.724230066603795, 81.02942043305357, 108.08115850680318, 29.015607198597554, 0.0, 26.465199131418256, 59.3378457398051, 121.28574819055137, 52.724230066603795, 26.465199131418256, 0.0, 34.901006494283514, 131.26368019016647, 81.02942043305357, 59.3378457398051, 34.901006494283514, 0.0], "finger_dot_table": [0.0, 45.87692137641052, 53.86676999256008, 59.21556100895364, 72.12812919846084, 45.87692137641052, 0.0, 8.086176391870465, 14.20241382362574, 26.34963698830165, 53.86676999256008, 8.086176391870465, 0.0, 6.557930561954523, 18.28599318446425, 59.21556100895364, 14.20241382362574, 6.557930561954523, 0.002076921601036627, 13.293423547488628, 72.12812919846084, 26.34963698830165, 18.28599318446425, 13.293423547488628, 0.010694552114296384], "finger_straight_table": [1.0, 1.0, 1.0, 1.0, 1.0], "bone_dot_table": [90.00000105055241, 5.007768315611674, 2.043648808437017, 10.975960275042688, 5.785172669744908, 4.320446890687358, 13.026940822755103, 5.462443049560665, 4.142561796266277, 10.197588160981699, 4.867661910501732, 3.7140958827812076, 18.431759500864075, 7.257146738150232, 5.486598496584494]}, {"fingertip_distance_table": [0.0, 95.67974500344609, 119.3928309637515, 131.08457782875348, 139.3451961126263, 95.67974500344609, 0.0, 29.144175604196576, 51.59092988831554, 77.9972556225996, 119.3928309637515, 29.144175604196576, 0.0, 25.27484793203073, 56.01726174300025, 131.08457782875348, 51.59092988831554, 25.27484793203073, 0.0, 32.875631441458374, 139.3451961126263, 77.9972556225996, 56.01726174300025, 32.875631441458374, 0.0], "finger_dot_table": [0.014356075225913133, 57.93644000104715, 65.93167073933135, 69.16645604659278, 79.99771927686628, 57.93644000104715, 0.007500223821040367, 8.191898916511827, 13.343873795270644, 23.540394538936983, 65.93167073933135, 8.191898916511827, 0.0, 6.4574023695391345, 15.509088814079714, 69.16645604659278, 13.343873795270644, 6.4574023695391345, 0.01751347949330914, 10.859036375333247, 79.99771927686628, 23.540394538936983, 15.509088814079714, 10.859036375333247, 0.013699896714747112], "finger_straight_table": [1.0, 1.0, 1.0, 1.0, 1.0], "bone_dot_table": [90.00000105055241, 5.223269279639404, 4.950508492421739, 11.866377947703269, 4.841913731347962, 3.639001471703762, 13.486486303690672, 5.326132230356608, 4.049708142308256, 8.189504114653705, 5.108876187235828, 3.9681674465656744, 13.670386268984002, 5.924175835053753, 4.57397317644511]}, {"fingertip_distance_table": [0.0, 97.45383410615399, 119.86089979556648, 131.97532259497217, 140.0482780658516, 97.45383410615399, 0.0, 26.95864364559871, 50.47672565096696, 76.64098826723178, 119.86089979556648, 26.95864364559871, 0.0, 26.480221322935325, 57.1409817369949, 131.97532259497217, 50.47672565096696, 26.480221322935325, 0.0, 33.31547923483465, 140.0482780658516, 76.64098826723178, 57.1409817369949, 33.31547923483465, 0.0], "finger_dot_table": [0.011974605290491942, 58.43225504641177, 63.74336246608969, 67.5983271049612, 78.86589983206086, 58.43225504641177, 0.015042046874080317, 6.069949243566938, 13.323532513891578, 22.696916245707218, 63.74336246608969, 6.069949243566938, 0.0, 7.855841081102358, 16.630343032619198, 67.5983271049612, 13.323532513891578, 7.855841081102358, 0.008335188277272703, 11.268901962664799, 78.86589983206086, 22.696916245707218, 16.630343032619198, 11.268901962664799, 0.0], "finger_straight_table": [1.0, 1.0, 1.0, 1.0, 1.0], "bone_dot_table": [90.00000105055241, 2.8084448940615188, 7.895895977584709, 12.075927190418529, 4.169423900611579, 3.1703142623144394, 10.68608681902257, 4.410497037338953, 3.411903653583564, 5.5825852745477125, 4.136872532279217, 3.2918765388733147, 11.171210607449014, 5.312018711806424, 4.1911229966688435]}, {"fingertip_distance_table": [0.0, 97.62768096667727, 119.76061466548036, 131.60877807608483, 139.11105134648705, 97.62768096667727, 0.0, 26.483517723658213, 49.56540206244477, 75.51105210341323, 119.76061466548036, 26.483517723658213, 0.0, 26.058441831452907, 56.57413231929307, 131.60877807608483, 49.56540206244477, 26.058441831452907, 0.0, 32.618989798852205, 139.11105134648705, 75.51105210341323, 56.57413231929307, 32.618989798852205, 0.0], "finger_dot_table": [0.012768086603908895, 55.043031330973236, 60.48403181375489, 65.01831222039407, 75.42950097072294, 55.043031330973236, 0.004488448079938241, 5.6060746863336375, 11.623897135205619, 21.223622909089176, 60.48403181375489, 5.6060746863336375, 0.0, 6.543118548891889, 15.630749602795724, 65.01831222039407, 11.623897135205619, 6.543118548891889, 0.0, 10.416356446910587, 75.42950097072294, 21.223622909089176, 15.630749602795724, 10.416356446910587, 0.014941476834860587], "finger_straight_table": [1.0, 1.0, 1.0, 1.0, 1.0], "bone_dot_table": [90.00000105055241, 1.0601228762109085, 8.33900610405416, 10.322084771338373, 3.672832529531598, 2.8747265703421125, 8.837837276458913, 4.526553629555706, 3.5853067019840674, 5.414681098474728, 4.116535012949006, 3.31000628941778, 9.650141452642684, 5.295377693862785, 4.215984215721098]}, {"fingertip_distance_table": [0.0, 95.74177806371135, 118.92898734592845, 130.88552708277638, 138.37109352349486, 95.74177806371135, 0.0, 28.285607029391876, 51.631221876946455, 77.59289544593328, 118.92898734592845, 28.285607029391876, 0.0, 26.28269287407386, 56.86086491757938, 130.88552708277638, 51.631221876946455, 26.28269287407386, 0.0, 32.728230360839355, 138.37109352349486, 77.59289544593328, 56.86086491757938, 32.728230360839355, 0.0], "finger_dot_table": [0.0, 49.90965121290435, 57.30105526880939, 62.109335758704276, 72.59933451228348, 49.90965121290435, 0.0, 7.446777352099564, 13.328540113397645, 23.207839335554606, 57.30105526880939, 7.446777352099564, 0.009765265955861278, 6.681404669180592, 15.828190226842747, 62.109335758704276, 13.328540113397645, 6.681404669180592, 0.0, 10.520621330286046, 72.59933451228348, 23.207839335554606, 15.828190226842747, 10.520621330286046, 0.006936849751730425], "finger_straight_table": [1.0, 1.0, 1.0, 1.0, 1.0], "bone_dot_table": [90.00000105055241, 5.1057834471664485, 7.242090965602383, 7.828110414265907, 4.092814035043956, 3.252474488793238, 8.253919267103697, 5.240283041243006, 4.192361449615054, 5.587518326382003, 4.534682099124359, 3.675789845682477, 9.434314116371594, 5.461201640201982, 4.3633836369985355]}, {"fingertip_distance_table": [0.0, 94.91767969930629, 117.55035519538853, 130.54123508935447, 138.83405801295086, 94.91767969930629, 0.0, 27.96385620317351, 52.28592389905762, 79.29580606516356, 117.55035519538853, 27.96385620317351, 0.0, 27.907520044043363, 58.46245289248988, 130.54123508935447, 52.28592389905762, 27.907520044043363, 0.0, 33.967376380649476, 138.83405801295086, 79.29580606516356, 58.46245289248988, 33.967376380649476, 0.0], "finger_dot_table": [0.01666997330854901, 46.62476248956735, 54.55112351508126, 58.99067194052847, 70.77791454249876, 46.62476248956735, 0.0, 8.220424567074916, 14.190786436883087, 24.937586756351664, 54.55112351508126, 8.220424567074916, 0.017305428585945904, 10.67331914184464, 18.560855668337474, 58.99067194052847, 14.190786436883087, 10.67331914184464, 0.0, 11.855563512629487, 70.77791454249876, 24.937586756351664, 18.560855668337474, 11.855563512629487, 0.01577630835165962], "finger_straight_table": [1.0, 1.0, 1.0, 1.0, 1.0], "bone_dot_table": [90.00000105055241, 9.366567346286587, 7.856029788985798, 6.634851929052837, 5.492698075736098, 4.3636340390172785, 7.754608820985275, 7.9333368166060785, 6.256906020374821, 5.350481384582064, 5.074355261214334, 4.1355256360583414, 9.880476150143144, 5.712889328205599, 4.586317023075123]}, {"fingertip_distance_table": [0.0, 66.65200047621909, 86.43596367278198, 102.8005758799583, 104.73770743103807, 66.65200047621909, 0.0, 24.90305169683121, 47.16355205330393, 60.81860445872135, 86.43596367278198, 24.90305169683121, 0.0, 25.28769595239472, 41.62862500237058, 102.8005758799583, 47.16355205330393, 25.28769595239472, 0.0, 21.77883699964333, 104.73770743103807, 60.81860445872135, 41.62862500237058, 21.77883699964333, 0.0], "finger_dot_table": [0.012091974282366389, 46.25330320849789, 52.80599261763761, 44.06020791179297, 37.46296351590672, 46.25330320849789, 0.013791526174724532, 7.284040116910599, 11.251389636289662, 13.479477410371196, 52.80599261763761, 7.284040116910599, 0.0, 17.121140616527207, 20.563892501881725, 44.06020791179297, 11.251389636289662, 17.121140616527207, 0.0, 6.598288640312033, 37.46296351590672, 13.479477410371196, 20.563892501881725, 6.598288640312033, 0.00933342862851124], "finger_straight_table": [1.0, 0.0, 0.0, 0.0, 0.0], "bone_dot_table": [90.00000105055241, 9.713028911361558, 3.2619664878139547, 27.222270317361197, 20.201863876469467, 17.94615859420808, 25.474994453320644, 29.982362740566455, 19.533136917904486, 15.39165710524042, 23.278310025427967, 17.179270588697413, 17.243522276688225, 25.042842937629967, 17.022817591932743]}, {"fingertip_distance_table": [0.0, 42.30759192187422, 58.63847838785311, 72.2437073115692, 83.22859177822724, 42.30759192187422, 0.0, 16.832566770359417, 33.245063289588636, 49.36335374363345, 58.63847838785311, 16.832566770359417, 0.0, 17.98337548013454, 36.45768877248319, 72.2437073115692, 33.245063289588636, 17.98337548013454, 0.0, 19.507486430072067, 83.22859177822724, 49.36335374363345, 36.45768877248319, 19.507486430072067, 0.0], "finger_dot_table": [0.011298468850917493, 76.30049866541526, 70.15066464419829, 63.14029081220371, 51.58854166943687, 76.30049866541526, 0.007827274704812072, 10.519776692270488, 15.62280479280919, 26.623250516132675, 70.15066464419829, 10.519776692270488, 0.015105535121880738, 7.010804483029009, 18.665049028078812, 63.14029081220371, 15.62280479280919, 7.010804483029009, 0.0, 11.69510091958303, 51.58854166943687, 26.623250516132675, 18.665049028078812, 11.69510091958303, 0.0028520508023141813], "finger_straight_table": [1.0, 0.0, 0.0, 0.0, 0.0], "bone_dot_table": [90.00000105055241, 3.0620232971767276, 4.028167792134669, 49.0579164452983, 43.54652894522079, 25.503018480673894, 42.79263679818475, 48.28538445006117, 29.230035387191272, 38.92927743394417, 47.59234798787636, 29.58429635163968, 36.51183775523729, 46.8911788002402, 29.634680100333394]}, {"fingertip_distance_table": [0.0, 39.90047162812276, 54.82408464929953, 70.5532504099726, 82.60061080279286, 39.90047162812276, 0.0, 15.603570551197157, 32.72286656152074, 49.149300669632304, 54.82408464929953, 15.603570551197157, 0.0, 18.381479700186112, 36.688711554043714, 70.5532504099726, 32.72286656152074, 18.381479700186112, 0.0, 20.090868240814967, 82.60061080279286, 49.149300669632304, 36.688711554043714, 20.090868240814967, 0.0], "finger_dot_table": [0.0, 80.96216197342733, 76.09703279196968, 63.42422538597, 52.44408954930249, 80.96216197342733, 0.010990757721559536, 12.620602587697217, 19.374644729369315, 30.33669430759335, 76.09703279196968, 12.620602587697217, 0.0058761969112853096, 13.020247977725612, 23.656081008384966, 63.42422538597, 19.374644729369315, 13.020247977725612, 0.012955239470878796, 11.225038032057782, 52.44408954930249, 30.33669430759335, 23.656081008384966, 11.225038032057782, 0.020890725302369396], "finger_straight_table": [1.0, 0.0, 0.0, 0.0, 0.0], "bone_dot_table": [90.00000105055241, 3.749189478504902, 4.71846823969501, 47.858149620524834, 50.193982496984205, 29.482632836548376, 46.387036380180064, 52.025614733677635, 30.696292037066826, 39.044097466191374, 48.25458741878334, 30.008662059213687, 37.06078889070602, 47.61644517092147, 30.041947344784443]}, {"fingertip_distance_table": [0.0, 31.80433375938077, 44.06479577365902, 58.196945576275276, 72.81432696652001, 31.80433375938077, 0.0, 13.32674571983912, 28.289256786447293, 45.004478206399334, 44.06479577365902, 13.32674571983912, 0.0, 16.043477226319784, 34.34153587159657, 58.196945576275276, 28.289256786447293, 16.043477226319784, 0.0, 18.93843829049812, 72.81432696652001, 45.004478206399334, 34.34153587159657, 18.93843829049812, 0.0], "finger_dot_table": [0.0, 85.41867479528719, 83.50810775557656, 75.1938121405639, 61.247752786962835, 85.41867479528719, 0.01600796513743796, 15.420869034831265, 20.357840359643188, 33.07862441343946, 83.50810775557656, 15.420869034831265, 0.015441305074938353, 8.672345456848753, 23.646204814506586, 75.1938121405639, 20.357840359643188, 8.672345456848753, 0.0, 14.985535387788516, 61.247752786962835, 33.07862441343946, 23.646204814506586, 14.985535387788516, 0.01652932334443419], "finger_straight_table": [1.0, 0.0, 0.0, 0.0, 0.0], "bone_dot_table": [90.00000105055241, 6.090141186928358, 5.5186928783922715, 50.648186714709325, 55.80739018695136, 31.97735625612002, 51.56917646204846, 57.3956265327617, 32.47972256467011, 48.31095562179428, 55.356974866005615, 32.097302209706044, 45.56532287335599, 52.90624784940952, 31.37174357199279]}, {"fingertip_distance_table": [0.0, 29.154116841316984, 39.686955088068565, 53.956529136348614, 67.7721938120971, 29.154116841316984, 0.0, 11.454954815654478, 25.557278009214308, 40.92163302811165, 39.686955088068565, 11.454954815654478, 0.0, 15.298082229491147, 32.102181137075775, 53.956529136348614, 25.557278009214308, 15.298082229491147, 0.0, 17.65642671938775, 67.7721938120971, 40.92163302811165, 32.102181137075775, 17.65642671938775, 0.0], "finger_dot_table": [0.01356593369211723, 93.09881965784761, 91.83887445435344, 82.52780136219847, 71.44596217801976, 93.09881965784761, 0.014880013920421336, 17.213930887238792, 23.067629998557496, 37.932609335188545, 91.83887445435344, 17.213930887238792, 0.015710708137217803, 9.897230021231076, 24.861197457742268, 82.52780136219847, 23.067629998557496, 9.897230021231076, 0.01861158408753302, 15.46481371227471, 71.44596217801976, 37.932609335188545, 24.861197457742268, 15.46481371227471, 0.018906758426175417], "finger_straight_table": [1.0, 0.0, 0.0, 0.0, 0.0], "bone_dot_table": [90.00000105055241, 7.171179721347358, 7.092054367928413, 55.59958660985118, 59.71244156544179, 32.82743075099851, 57.15525145838912, 61.09903177938439, 33.02428783451859, 53.25328107586175, 58.832608734029506, 32.83090493620815, 52.866568110836575, 58.27261947363091, 32.708116484475816]}, {"fingertip_distance_table": [0.0, 30.742962978087192, 40.84297754450545, 54.589891533212736, 66.97176083028106, 30.742962978087192, 0.0, 11.522235878535614, 25.43646451969274, 39.295057456792904, 40.84297754450545, 11.522235878535614, 0.0, 14.97126487883688, 30.414953531385866, 54.589891533212736, 25.43646451969274, 14.97126487883688, 0.0, 16.317143150684423, 66.97176083028106, 39.295057456792904, 30.414953531385866, 16.317143150684423, 0.0], "finger_dot_table": [0.0, 95.41485560449834, 96.07538277582472, 90.03994082013033, 79.70872271963913, 95.41485560449834, 0.0, 18.01660685434175, 23.643539051167732, 40.16337409777424, 96.07538277582472, 18.01660685434175, 0.0, 7.808161204456085, 25.03431502489461, 90.03994082013033, 23.643539051167732, 7.808161204456085, 0.016197769693728034, 17.385026237219957, 79.70872271963913, 40.16337409777424, 25.03431502489461, 17.385026237219957, 0.0], "finger_straight_table": [1.0, 0.0, 0.0, 0.0, 0.0], "bone_dot_table": [90.00000105055241, 6.899032305339241, 4.959219532255957, 57.10903113794178, 59.94147534723775, 32.5343317698608, 60.055095962518635, 62.336605814228264, 32.87600780202191, 58.73709343844692, 61.21598896835786, 32.64693323498438, 60.046263386081776, 61.29155849573626, 32.44297654978781]}, {"fingertip_distance_table": [0.0, 29.63247924291222, 39.84269542209295, 53.42188879574111, 65.33392950599061, 29.63247924291222, 0.0, 11.47635688222227, 25.179918484386317, 38.831658096009214, 39.84269542209295, 11.47635688222227, 0.0, 14.848128522092368, 30.097683774892054, 53.42188879574111, 25.179918484386317, 14.848128522092368, 0.0, 16.16762243922206, 65.33392950599061, 38.831658096009214, 30.097683774892054, 16.16762243922206, 0.0], "finger_dot_table": [0.0, 96.76375591286, 98.25926763396856, 92.09183114917275, 82.67859266573532, 96.76375591286, 0.0, 18.1602067948354, 23.835965968973717, 40.965673348591146, 98.25926763396856, 18.1602067948354, 0.0, 8.047989731924028, 25.54717869404545, 92.09183114917275, 23.835965968973717, 8.047989731924028, 0.0, 17.77891700335037, 82.67859266573532, 40.965673348591146, 25.54717869404545, 17.77891700335037, 0.012414547699574792], "finger_straight_table": [1.0, 0.0, 0.0, 0.0, 0.0], "bone_dot_table": [90.00000105055241, 9.650375931941618, 4.926521813978525, 57.67840127600545, 60.1688755873897, 32.497590876496375, 60.91971709677279, 62.391999086482606, 32.665279019630184, 59.322743321764094, 61.23344605166991, 32.4977677486094, 61.28675939826429, 61.449514713142506, 32.20538750352061]}, {"fingertip_distance_table": [0.0, 29.301657434837157, 39.29671707070143, 52.65106412550536, 64.35796470586577, 29.301657434837157, 0.0, 10.72791500729898, 24.18348234869676, 37.82493278153694, 39.29671707070143, 10.72791500729898, 0.0, 14.686021841267895, 29.926989187014577, 52.65106412550536, 24.18348234869676, 14.686021841267895, 0.0, 16.186687140311477, 64.35796470586577, 37.82493278153694, 29.926989187014577, 16.186687140311477, 0.0], "finger_dot_table": [0.011513246892627439, 99.33389193116372, 99.94318971254992, 93.01057213097324, 83.36418313558363, 99.33389193116372, 0.01851301957810644, 17.954843984513825, 24.075453055717723, 42.07969179862693, 99.94318971254992, 17.954843984513825, 0.0, 8.630141870681653, 26.587240974546617, 93.01057213097324, 24.075453055717723, 8.630141870681653, 0.0, 18.396410300467302, 83.36418313558363, 42.07969179862693, 26.587240974546617, 18.396410300467302, 0.0], "finger_straight_table": [1.0, 0.0, 0.0, 0.0, 0.0], "bone_dot_table": [90.00000105055241, 12.249041859240073, 5.097160422734775, 59.41827548611483, 60.561646971488564, 32.21348224479506, 61.91316502293197, 62.101243636337834, 32.23816925614211, 59.59335864080244, 60.70427348152384, 32.14561641499282, 61.405089586570526, 60.83372304333655, 31.897837141451884]}, {"fingertip_distance_table": [0.0, 28.7903271828853, 39.0794693031602, 52.36086761869787, 64.15236445612169, 28.7903271828853, 0.0, 11.03070567706614, 24.517087231968187, 38.38423820695526, 39.0794693031602, 11.03070567706614, 0.0, 14.732420660030884, 30.261023244157133, 52.36086761869787, 24.517087231968187, 14.732420660030884, 0.0, 16.48124626364768, 64.15236445612169, 38.38423820695526, 30.261023244157133, 16.48124626364768, 0.0], "finger_dot_table": [0.015059790597930535, 98.08296401189818, 98.91625297597884, 91.67360640093965, 81.57284867250884, 98.08296401189818, 0.0, 17.693384604060235, 23.882764648604535, 41.93906794046978, 98.91625297597884, 17.693384604060235, 0.013966409567488977, 8.919621686371572, 27.032984043331496, 91.67360640093965, 23.882764648604535, 8.919621686371572, 0.0, 18.53137505096608, 81.57284867250884, 41.93906794046978, 27.032984043331496, 18.53137505096608, 0.01569497794857985], "finger_straight_table": [1.0, 0.0, 0.0, 0.0, 0.0], "bone_dot_table": [90.00000105055241, 13.121890530907066, 4.824594413906425, 58.48137598211894, 59.91537647349373, 32.12656421312802, 61.25265977278328, 61.087946627372624, 31.895327171513475, 59.098963909970784, 59.15631604021414, 31.458526672835934, 60.7289099345905, 59.15186585075671, 31.258636605473896]}, {"fingertip_distance_table": [0.0, 30.647812657940783, 40.667008803263606, 53.374017436564884, 64.16852964333127, 30.647812657940783, 0.0, 10.664347383957626, 23.718555193493057, 36.955694670115456, 40.667008803263606, 10.664347383957626, 0.0, 14.476444403593947, 29.630743697368516, 53.374017436564884, 23.718555193493057, 14.476444403593947, 0.0, 16.172964736922754, 64.16852964333127, 36.955694670115456, 29.630743697368516, 16.172964736922754, 0.0], "finger_dot_table": [0.0, 100.93805507352488, 101.21817867003277, 94.5789939388489, 84.12123568437089, 100.93805507352488, 0.01783962139612042, 17.737592308894076, 24.29395116009125, 42.497352021192455, 101.21817867003277, 17.737592308894076, 0.0, 8.652177524811961, 27.10583545176518, 94.5789939388489, 24.29395116009125, 8.652177524811961, 0.018241352273184346, 18.70551976279861, 84.12123568437089, 42.497352021192455, 27.10583545176518, 18.70551976279861, 0.0], "finger_straight_table": [1.0, 0.0, 0.0, 0.0, 0.0], "bone_dot_table": [90.00000105055241, 13.825398799328454, 4.761048300301229, 60.97082392617723, 59.052226830652415, 30.994033608991657, 64.02183887019169, 59.50789196497603, 30.33345173510572, 62.25400159267756, 57.92792941414182, 29.988696829582132, 63.27938929850926, 58.208316554643304, 30.058359843448606]}, {"fingertip_distance_table": [0.0, 32.20077838296468, 42.015014851148585, 54.076684997779125, 63.80033686570934, 32.20077838296468, 0.0, 10.19754807213901, 23.094946213132143, 36.050260014069885, 42.015014851148585, 10.19754807213901, 0.0, 14.349582141464973, 29.281774780285033, 54.076684997779125, 23.094946213132143, 14.349582141464973, 0.0, 16.00844061191717, 63.80033686570934, 36.050260014069885, 29.281774780285033, 16.00844061191717, 0.0], "finger_dot_table": [0.0, 103.81753152799766, 103.73441110867608, 97.29067129520622, 87.1384332506445, 103.81753152799766, 0.008195894350532163, 17.618785518763964, 24.459806675607844, 42.78920713990292, 103.73441110867608, 17.618785518763964, 0.0, 8.637869925471653, 27.095547388833985, 97.29067129520622, 24.459806675607844, 8.637869925471653, 0.0, 18.702736667632013, 87.1384332506445, 42.78920713990292, 27.095547388833985, 18.702736667632013, 0.00892107624457994], "finger_straight_table": [0.0, 0.0, 0.0, 0.0, 0.0], "bone_dot_table": [90.00000105055241, 16.007938246798812, 6.308559828359518, 62.71031439742021, 58.233136706842146, 30.098160194994954, 65.26744034007757, 58.503293444778535, 29.48937329447166, 63.640360285285425, 56.95432631177249, 29.12660331378727, 64.84418968868316, 57.28999075152147, 29.161433079804087]}, {"fingertip_distance_table": [0.0, 33.15979645612837, 43.084883378124154, 54.6256217719919, 63.77666889468251, 33.15979645612837, 0.0, 10.325240476875472, 23.21937811304982, 36.376139896028285, 43.084883378124154, 10.325240476875472, 0.0, 14.413639455656556, 29.535960343101458, 54.6256217719919, 23.21937811304982, 14.413639455656556, 0.0, 16.193879462762645, 63.77666889468251, 36.376139896028285, 29.535960343101458, 16.193879462762645, 0.0], "finger_dot_table": [0.0, 103.8886252062781, 104.254997486017, 97.70100969613355, 88.12600309840089, 103.8886252062781, 0.0, 17.29998965144544, 24.122433340781207, 42.405241286597544, 104.254997486017, 17.29998965144544, 0.0, 8.756363139851358, 27.025399829200797, 97.70100969613355, 24.122433340781207, 8.756363139851358, 0.016871443121572707, 18.586591198527568, 88.12600309840089, 42.405241286597544, 27.025399829200797, 18.586591198527568, 0.016355341346028247], "finger_straight_table": [0.0, 0.0, 0.0, 0.0, 0.0], "bone_dot_table": [90.00000105055241, 18.116402581476155, 9.123664641399266, 62.57360447856255, 56.873661029327465, 29.429515609915413, 65.17994275186835, 57.175933240211045, 28.83674315132787, 63.233073771760616, 55.77276662878879, 28.61845446544931, 64.8331174129226, 56.343842203176386, 28.691322921053683]}, {"fingertip_distance_table": [0.0, 33.1944026402396, 43.32198272023007, 54.6911353082894, 63.78224434203594, 33.1944026402396, 0.0, 10.752151895152162, 23.753508593511263, 37.13950059727213, 43.32198272023007, 10.752151895152162, 0.0, 14.545824475587802, 29.864573189136777, 54.6911353082894, 23.753508593511263, 14.545824475587802, 0.0, 16.340487912675552, 63.78224434203594, 37.13950059727213, 29.864573189136777, 16.340487912675552, 0.0], "finger_dot_table": [0.008119686068271544, 101.97630274234731, 103.45754932698549, 97.12904622851377, 87.58165524167372, 101.97630274234731, 0.006920357370894048, 17.08782385442795, 23.621146497756676, 41.678004916385426, 103.45754932698549, 17.08782385442795, 0.010177013797077833, 8.652383039812925, 26.913135346297956, 97.12904622851377, 23.621146497756676, 8.652383039812925, 0.0, 18.52433383883292, 87.58165524167372, 41.678004916385426, 26.913135346297956, 18.52433383883292, 0.018949366962186624], "finger_straight_table": [0.0, 0.0, 0.0, 0.0, 0.0], "bone_dot_table": [90.00000105055241, 19.166182610104826, 9.432925330958051, 61.69666563503528, 55.48064080438035, 28.927717138441956, 64.74408315670887, 56.20716197597892, 28.455449435457837, 62.72472744708123, 55.04122063105857, 28.36771575505445, 64.4043053576391, 55.51196965047035, 28.392655844225725]}, {"fingertip_distance_table": [0.0, 34.324738936558425, 44.42469378889754, 55.478034468263054, 63.905077058570065, 34.324738936558425, 0.0, 10.677756708631772, 23.916885225651512, 36.99025796365538, 44.42469378889754, 10.677756708631772, 0.0, 14.701384119337439, 29.805449254753885, 55.478034468263054, 23.916885225651512, 14.701384119337439, 0.0, 16.130795553601118, 63.905077058570065, 36.99025796365538, 29.805449254753885, 16.130795553601118, 0.0], "finger_dot_table": [0.00920355520421607, 102.65806238983923, 103.97432093619902, 99.1924961591509, 89.32650662740062, 102.65806238983923, 0.0, 16.908091983566738, 23.597362578718652, 41.64963360088732, 103.97432093619902, 16.908091983566738, 0.019126736255885356, 7.927146410608894, 26.626142911467618, 99.1924961591509, 23.597362578718652, 7.927146410608894, 0.013752118115183166, 18.738423413376943, 89.32650662740062, 41.64963360088732, 26.626142911467618, 18.738423413376943, 0.01506974889916736], "finger_straight_table": [0.0, 0.0, 0.0, 0.0, 0.0], "bone_dot_table": [90.00000105055241, 20.603651338900743, 8.24422865133351, 61.78560256709731, 55.07668488479248, 28.694209488943407, 64.67920991417057, 55.548979521404625, 28.13768513080385, 63.784082815330095, 54.793461450487804, 27.979531944615005, 65.37036005797844, 54.969505715465054, 27.869329119385863]}, {"fingertip_distance_table": [0.0, 34.603768393902314, 44.660062852734, 55.50114405145775, 63.5221476880564, 34.603768393902314, 0.0, 10.609501290483372, 23.782730036183214, 36.676201633445714, 44.660062852734, 10.609501290483372, 0.0, 14.680417889227725, 29.612916723242087, 55.50114405145775, 23.782730036183214, 14.680417889227725, 0.0, 15.964939388450087, 63.5221476880564, 36.676201633445714, 29.612916723242087, 15.964939388450087, 0.0], "finger_dot_table": [0.0005144452113385278, 103.23942024586329, 104.74327455707433, 100.1847465919358, 90.90254629900139, 103.23942024586329, 0.007630573101369402, 16.92610485001385, 23.62351545887172, 41.75154814436035, 104.74327455707433, 16.92610485001385, 0.0, 7.8558909937608234, 26.531000381017353, 100.1847465919358, 23.62351545887172, 7.8558909937608234, 0.01759619517295019, 18.72236115563066, 90.90254629900139, 41.75154814436035, 26.531000381017353, 18.72236115563066, 0.015437746902356502], "finger_straight_table": [0.0, 0.0, 0.0, 0.0, 0.0], "bone_dot_table": [90.00000105055241, 20.945591760411308, 4.858842796957065, 62.22076709397235, 54.92664036307523, 28.506892996373608, 65.13303644152111, 55.29862066687336, 27.897919989290102, 64.18189680873239, 54.728830013501174, 27.84682310495457, 66.262738669391, 54.77911265330031, 27.534076847946864]}, {"fingertip_distance_table": [0.0, 34.57047251494737, 44.590152654362996, 55.28188986720964, 63.34683897295928, 34.57047251494737, 0.0, 10.496053298433301, 23.537084106490717, 36.69704440123182, 44.590152654362996, 10.496053298433301, 0.0, 14.58689026441029, 29.730767025517356, 55.28188986720964, 23.537084106490717, 14.58689026441029, 0.0, 16.17478698911198, 63.34683897295928, 36.69704440123182, 29.730767025517356, 16.17478698911198, 0.0], "finger_dot_table": [0.011527712249936064, 103.39960349002916, 104.87678822137312, 99.39979126374499, 90.5487961324708, 103.39960349002916, 0.0, 16.933567786725842, 23.23745499248184, 41.50775510941496, 104.87678822137312, 16.933567786725842, 0.0, 7.99664876213428, 26.418298287349334, 99.39979126374499, 23.23745499248184, 7.99664876213428, 0.011945417178237447, 18.65438131956005, 90.5487961324708, 41.50775510941496, 26.418298287349334, 18.65438131956005, 0.0], "finger_straight_table": [0.0, 0.0, 0.0, 0.0, 0.0], "bone_dot_table": [90.00000105055241, 21.14764969956702, 0.8734810129863484, 62.34023263905851, 54.825494221995314, 28.42475548033657, 65.01702822480895, 55.092550838786245, 27.822832759322214, 63.36664474031459, 54.06264169050152, 27.70409460191218, 65.5664282774645, 54.14178515394985, 27.38636070307371]}, {"fingertip_distance_table": [0.0, 34.38097611585215, 44.46412738148901, 55.13967894758827, 63.27140933747633, 34.38097611585215, 0.0, 10.531514192214168, 23.626540001895076, 36.93861195408223, 44.46412738148901, 10.531514192214168, 0.0, 14.622654234668865, 29.90102776344899, 55.13967894758827, 23.626540001895076, 14.622654234668865, 0.0, 16.318672791370222, 63.27140933747633, 36.93861195408223, 29.90102776344899, 16.318672791370222, 0.0], "finger_dot_table": [0.012843140484520973, 102.81466835484629, 104.17832885208954, 98.51398050984987, 90.05478604402805, 102.81466835484629, 0.0, 16.916355282156967, 22.944524430114303, 41.05041734757805, 104.17832885208954, 16.916355282156967, 0.007369353043349737, 7.8875545202185595, 25.963243258731975, 98.51398050984987, 22.944524430114303, 7.8875545202185595, 0.015551081630383922, 18.41158267713355, 90.05478604402805, 41.05041734757805, 25.963243258731975, 18.41158267713355, 0.012489627608096009], "finger_straight_table": [0.0, 0.0, 0.0, 0.0, 0.0], "bone_dot_table": [90.00000105055241, 21.088745525943494, 0.9497984952146065, 61.96055039895847, 54.59827092718886, 28.402986750703768, 64.50840190973445, 54.756269478183626, 27.7797898090087, 62.820524646500814, 53.45924719077579, 27.52665281378404, 65.2182315498474, 53.509211961650415, 27.14719531172878]}, {"fingertip_distance_table": [0.0, 28.52126252066003, 37.97049038324606, 48.868625104873196, 57.54462035246465, 28.52126252066003, 0.0, 10.281942358554643, 23.469398588956533, 36.89991610268333, 37.97049038324606, 10.281942358554643, 0.0, 15.238186213667301, 31.242736582808117, 48.868625104873196, 23.469398588956533, 15.238186213667301, 0.0, 17.256768578725392, 57.54462035246465, 36.89991610268333, 31.242736582808117, 17.256768578725392, 0.0], "finger_dot_table": [0.013288606282035447, 100.82843015400978, 97.6737887220127, 93.28932366653369, 91.36808323184555, 100.82843015400978, 0.012981157889833906, 17.019514788549227, 23.620233949160028, 41.07082091444418, 97.6737887220127, 17.019514788549227, 0.014232453287517828, 7.111423023967634, 24.05811528917263, 93.28932366653369, 23.620233949160028, 7.111423023967634, 0.014138008381945675, 17.76505040477972, 91.36808323184555, 41.07082091444418, 24.05811528917263, 17.76505040477972, 0.0], "finger_straight_table": [0.0, 0.0, 0.0, 0.0, 0.0], "bone_dot_table": [90.00000105055241, 24.393158949550365, 2.414153453586158, 61.50319137295323, 55.83515912304986, 29.165852865850752, 58.64661580374255, 54.9560197533767, 29.34871795232305, 57.97702354900815, 53.18130105355062, 28.556006791481877, 64.66307250872696, 53.45716635262023, 27.252561153594723]}, {"fingertip_distance_table": [0.0, 27.498604079467, 37.450019381751844, 48.60881002208083, 57.83850911027138, 27.498604079467, 0.0, 10.578165052678756, 23.9718737614836, 37.81464111911103, 37.450019381751844, 10.578165052678756, 0.0, 15.357415980514386, 31.677893503119087, 48.60881002208083, 23.9718737614836, 15.357415980514386, 0.0, 17.48267817677505, 57.83850911027138, 37.81464111911103, 31.677893503119087, 17.48267817677505, 0.0], "finger_dot_table": [0.016214701742183674, 100.3922104102058, 97.51808439110107, 93.32905563320656, 91.44603435566967, 100.3922104102058, 0.018480388201168905, 16.902560057435764, 23.417995273356325, 40.74432569191851, 97.51808439110107, 16.902560057435764, 0.020596460921118172, 7.004322785899855, 23.852264664415888, 93.32905563320656, 23.417995273356325, 7.004322785899855, 0.0, 17.594034447507347, 91.44603435566967, 40.74432569191851, 23.852264664415888, 17.594034447507347, 0.0], "finger_straight_table": [0.0, 0.0, 0.0, 0.0, 0.0], "bone_dot_table": [90.00000105055241, 24.349674777118967, 2.07500630392637, 59.61803169088614, 57.55393689987993, 30.569231058694648, 57.4103532156211, 56.31168577256545, 30.37202459025947, 56.804087723611815, 54.67943923660302, 29.654384801195576, 62.657312787127545, 55.72011985955642, 28.920778033473386]}, {"fingertip_distance_table": [0.0, 30.61279848255872, 40.65262764986468, 51.97297115405378, 60.885303696054585, 30.61279848255872, 0.0, 10.481379119401812, 24.361417505894106, 37.65723185035364, 40.65262764986468, 10.481379119401812, 0.0, 15.167860231669643, 30.19146732320556, 51.97297115405378, 24.361417505894106, 15.167860231669643, 0.0, 15.912844507898244, 60.885303696054585, 37.65723185035364, 30.19146732320556, 15.912844507898244, 0.0], "finger_dot_table": [0.0, 103.88954554375042, 106.51078734468412, 103.70138410467041, 95.52519476669487, 103.88954554375042, 0.0, 17.45329653253357, 23.46366850094539, 41.58864711304119, 106.51078734468412, 17.45329653253357, 0.0, 6.683479393302442, 25.517088600382497, 103.70138410467041, 23.46366850094539, 6.683479393302442, 0.013832799392849763, 18.835520668127884, 95.52519476669487, 41.58864711304119, 25.517088600382497, 18.835520668127884, 0.012259936624167564], "finger_straight_table": [0.0, 0.0, 0.0, 0.0, 0.0], "bone_dot_table": [90.00000105055241, 19.414052134648088, 4.489044937108728, 60.43067881079685, 58.45332649893786, 30.805533612420156, 62.58174650993501, 59.84329432587606, 30.858175856365833, 61.6990328164807, 60.46472074458845, 31.425102967845397, 63.33912333473112, 60.88903542802112, 31.362536156315326]}, {"fingertip_distance_table": [0.0, 32.1960559914256, 41.37896446643606, 52.144575730625725, 60.77736296279231, 32.1960559914256, 0.0, 9.284002971788363, 22.478367910334374, 35.70533483248743, 41.37896446643606, 9.284002971788363, 0.0, 14.710438281766095, 29.670915519611007, 52.144575730625725, 22.478367910334374, 14.710438281766095, 0.0, 15.801040674952949, 60.77736296279231, 35.70533483248743, 29.670915519611007, 15.801040674952949, 0.0], "finger_dot_table": [0.011341434146487863, 111.25869769547529, 110.58158194048895, 105.56287120401171, 96.06617230077782, 111.25869769547529, 0.017492976656637058, 17.515561605781357, 24.286897759236055, 43.220654003747576, 110.58158194048895, 17.515561605781357, 0.0, 7.716257353602176, 26.68591043112206, 105.56287120401171, 24.286897759236055, 7.716257353602176, 0.0, 19.125587917315865, 96.06617230077782, 43.220654003747576, 26.68591043112206, 19.125587917315865, 0.0044488158624368225], "finger_straight_table": [0.0, 0.0, 0.0, 0.0, 0.0], "bone_dot_table": [90.00000105055241, 16.632794866927, 4.447511531477378, 63.77215989644024, 60.86522043663856, 31.121894327332186, 64.41407751495836, 60.92387733426891, 30.923523265570125, 61.82471292977083, 61.20652866666725, 31.782973489183885, 63.06871547178526, 61.290562017000866, 31.667796144568943]}, {"fingertip_distance_table": [0.0, 32.68270042998721, 41.683230548293615, 51.99072748168512, 60.506321195803764, 32.68270042998721, 0.0, 9.080892555914868, 21.879055600621143, 35.06741112570539, 41.683230548293615, 9.080892555914868, 0.0, 14.442880885255041, 29.343212250212996, 51.99072748168512, 21.879055600621143, 14.442880885255041, 0.0, 15.801185259736233, 60.506321195803764, 35.06741112570539, 29.343212250212996, 15.801185259736233, 0.0], "finger_dot_table": [0.0, 114.31305859469688, 113.50885343474746, 106.35008723039202, 96.01469898743835, 114.31305859469688, 0.004484504138709574, 17.56493865791565, 24.831983029136808, 44.1254463227437, 113.50885343474746, 17.56493865791565, 0.016093599638675564, 9.068929096655369, 27.966016790197816, 106.35008723039202, 24.831983029136808, 9.068929096655369, 0.006526172672983944, 19.39128845204871, 96.01469898743835, 44.1254463227437, 27.966016790197816, 19.39128845204871, 0.0], "finger_straight_table": [0.0, 0.0, 0.0, 0.0, 0.0], "bone_dot_table": [90.00000105055241, 15.131566805443253, 4.5432953917042145, 65.14977267014494, 61.8524175793733, 31.22879582987319, 66.11461232427732, 61.7346176220723, 30.864506196088406, 62.01750873604452, 61.45608775113481, 31.86203824786796, 62.89775374262102, 61.445969337777846, 31.82504374209317]}, {"fingertip_distance_table": [0.0, 32.45977201548652, 41.23703273710792, 51.67944052670762, 60.217732116194064, 32.45977201548652, 0.0, 8.865859960860728, 21.693848042270385, 34.789529021266986, 41.23703273710792, 8.865859960860728, 0.0, 14.387140696433498, 29.219113208705068, 51.67944052670762, 21.693848042270385, 14.387140696433498, 0.0, 15.756434600043896, 60.217732116194064, 34.789529021266986, 29.219113208705068, 15.756434600043896, 0.0], "finger_dot_table": [0.021416957847004602, 115.2727553526983, 113.56935061623314, 106.34188730060019, 95.72266414970427, 115.2727553526983, 0.014718881521795471, 17.62073233886176, 25.187974776212926, 44.61177562188287, 113.56935061623314, 17.62073233886176, 0.015563945496488898, 9.152289219000053, 28.178811179988454, 106.34188730060019, 25.187974776212926, 9.152289219000053, 0.0, 19.490971628438633, 95.72266414970427, 44.61177562188287, 28.178811179988454, 19.490971628438633, 0.01546989224633764], "finger_straight_table": [1.0, 0.0, 0.0, 0.0, 0.0], "bone_dot_table": [90.00000105055241, 13.225497775657498, 5.595918097536488, 65.578167273352, 62.31855075843583, 31.34111014284376, 65.98299017570154, 62.1242716540627, 31.10022054163421, 62.21954529348859, 61.54898832559557, 31.855239743747997, 63.15142787091928, 61.51323345185208, 31.803688248618208]}, {"fingertip_distance_table": [0.0, 31.97801054338459, 40.803736405524866, 51.30396918511686, 60.00201563021165, 31.97801054338459, 0.0, 8.932586355564453, 21.82031815492327, 34.95006792148542, 40.803736405524866, 8.932586355564453, 0.0, 14.417139473083138, 29.260348608656244, 51.30396918511686, 21.82031815492327, 14.417139473083138, 0.0, 15.787570785000089, 60.00201563021165, 34.95006792148542, 29.260348608656244, 15.787570785000089, 0.0], "finger_dot_table": [0.0, 115.39582498627922, 113.26741776830387, 105.59083111752871, 95.10807335674126, 115.39582498627922, 0.015125604110967148, 17.59664923244185, 25.605376767214928, 44.68362917008749, 113.26741776830387, 17.59664923244185, 0.021295649936359344, 9.608523451811129, 28.230356906270707, 105.59083111752871, 25.605376767214928, 9.608523451811129, 0.0, 19.120302214028513, 95.10807335674126, 44.68362917008749, 28.230356906270707, 19.120302214028513, 0.013326287771653551], "finger_straight_table": [1.0, 0.0, 0.0, 0.0, 0.0], "bone_dot_table": [90.00000105055241, 10.934351458980055, 5.192761244089287, 65.05712283826513, 62.60429473653169, 31.63513403667909, 65.41567199480085, 62.37634695010763, 31.390020890578363, 61.586584420482495, 61.63000617737575, 32.07871760997763, 62.99959280066554, 61.55790359083214, 31.88587181769693]}, {"fingertip_distance_table": [0.0, 31.602434375929978, 40.52097788357537, 51.04233795593914, 59.76104803346697, 31.602434375929978, 0.0, 9.024440551922122, 21.9059367569499, 34.991166977633945, 40.52097788357537, 9.024440551922122, 0.0, 14.368433537162499, 29.15138318872457, 51.04233795593914, 21.9059367569499, 14.368433537162499, 0.0, 15.771885241242597, 59.76104803346697, 34.991166977633945, 29.15138318872457, 15.771885241242597, 0.0], "finger_dot_table": [0.012148183099593349, 115.7271639703504, 113.53727787075083, 105.3740226508948, 94.78138983183898, 115.7271639703504, 0.013506595869563874, 17.311271357984158, 25.567389012977376, 44.5104802501964, 113.53727787075083, 17.311271357984158, 0.02014486990595623, 9.999250773588631, 28.420656510936965, 105.3740226508948, 25.567389012977376, 9.999250773588631, 0.0, 18.97579904797044, 94.78138983183898, 44.5104802501964, 28.420656510936965, 18.97579904797044, 0.018582665650283613], "finger_straight_table": [1.0, 0.0, 0.0, 0.0, 0.0], "bone_dot_table": [90.00000105055241, 8.615879225957327, 4.630287475802129, 64.7517287166853, 62.84736398889909, 31.840886617080645, 65.32925892087121, 62.71521767446333, 31.585840724212176, 61.51334356011154, 61.65475157554946, 32.11433771800157, 63.131036