[{"fingertip_distance_table": [0.0, 77.98065287977126, 90.21634401569295, 88.71771725537178, 83.90702897292216, 77.98065287977126, 0.0, 16.304544959735864, 30.71005277021546, 52.487922974129106, 90.21634401569295, 16.304544959735864, 0.0, 19.6454803532088, 45.94568718573816, 88.71771725537178, 30.71005277021546, 19.6454803532088, 0.0, 27.93989405505471, 83.90702897292216, 52.487922974129106, 45.94568718573816, 27.93989405505471, 0.0], "finger_dot_table": [0.0, 24.130732256900682, 26.47711014955733, 22.22027520525413, 20.853800794019033, 24.130732256900682, 0.01462773157408742, 5.492219126847221, 6.776668075177567, 7.677229875306693, 26.47711014955733, 5.492219126847221, 0.0, 4.71504443082163, 6.210383413093594, 22.22027520525413, 6.776668075177567, 4.71504443082163, 0.0, 1.4985654461096258, 20.853800794019033, 7.677229875306693, 6.210383413093594, 1.4985654461096258, 0.0], "finger_straight_table": [0.0, 1.0, 1.0, 1.0, 1.0], "bone_dot_table": [90.00000105055241, 40.99197678425769, 60.78739987638128, 14.250484145130454, 3.580565271841007, 2.8576118673388837, 3.615150755607406, 3.383934953198038, 2.673562988727338, 8.150705777358493, 2.385944906173958, 1.899335663169776, 15.924472157976234, 3.2873777323116693, 2.5534557529963466]}, {"fingertip_distance_table": [0.0, 75.92976571519907, 88.0971551468136, 86.49021114838658, 81.64145090206758, 75.92976571519907, 0.0, 16.477623920723737, 30.736888099052095, 52.76450745016902, 88.0971551468136, 16.477623920723737, 0.0, 19.479136560518807, 46.00581559822082, 86.49021114838658, 30.736888099052095, 19.479136560518807, 0.0, 28.034664011066866, 81.64145090206758, 52.76450745016902, 46.00581559822082, 28.034664011066866, 0.0], "finger_dot_table": [0.012208325616957543, 21.288034279607928, 24.277124452028282, 20.624407942471553, 18.97857155102915, 21.288034279607928, 0.0, 5.427936374678325, 6.623350952230355, 7.419868602856696, 24.277124452028282, 5.427936374678325, 0.01663531672946535, 4.466678009838578, 6.213088227125431, 20.624407942471553, 6.623350952230355, 4.466678009838578, 0.016270388096940456, 1.7953046191380388, 18.97857155102915, 7.419868602856696, 6.213088227125431, 1.7953046191380388, 0.01840229317787669], "finger_straight_table": [0.0, 1.0, 1.0, 1.0, 1.0], "bone_dot_table": [90.00000105055241, 42.8152675046851, 58.595347500137265, 13.974371684519452, 3.8580028836123548, 3.0825257100675887, 3.591787778973886, 3.6312469908770035, 2.8675866812234467, 8.28334682760281, 2.9183145599673077, 2.3194086590316636, 15.878948825725196, 3.60614328141865, 2.801294201834548]}, {"fingertip_distance_table": [0.0, 69.7587520781417, 81.99822576582166, 81.51615738507863, 77.06683411713412, 69.7587520781417, 0.0, 16.915188124585885, 31.44309207905617, 53.32000688071427, 81.99822576582166, 16.915188124585885, 0.0, 19.631867250400894, 46.04912838413209, 81.51615738507863, 31.44309207905617, 19.631867250400894, 0.0, 27.964687430853367, 77.06683411713412, 53.32000688071427, 46.04912838413209, 27.964687430853367, 0.0], "finger_dot_table": [0.013025552142632178, 9.783371755981133, 13.413618227312394, 10.616808859664921, 9.621688635939313, 9.783371755981133, 0.0, 5.08667656521633, 5.991434982071883, 6.821853871450984, 13.413618227312394, 5.08667656521633, 0.0, 4.324778187756185, 5.933496865553406, 10.616808859664921, 5.991434982071883, 4.324778187756185, 0.0, 1.6242444767350266, 9.621688635939313, 6.821853871450984, 5.933496865553406, 1.6242444767350266, 0.0], "finger_straight_table": [0.0, 1.0, 1.0, 1.0, 1.0], "bone_dot_table": [90.00000105055241, 42.890664934066415, 62.36926921458747, 13.503052656313505, 4.12875119973269, 3.3046090631843748, 3.50843181579411, 3.786547030332141, 2.9918612242773426, 8.108452731999977, 3.075352321472035, 2.4452275871627753, 15.76747166811894, 3.85962492048766, 2.996964470564545]}, {"fingertip_distance_table": [0.0, 69.41462983160594, 81.54108298201508, 81.5025004273209, 76.25424192319915, 69.41462983160594, 0.0, 17.398689352287644, 32.60330860057675, 53.677323092421055, 81.54108298201508, 17.398689352287644, 0.0, 20.128364270134934, 45.935664861779244, 81.5025004273209, 32.60330860057675, 20.128364270134934, 0.0, 27.55717590576318, 76.25424192319915, 53.677323092421055, 45.935664861779244, 27.55717590576318, 0.0], "finger_dot_table": [0.0, 5.9146485201927606, 9.9595572907888, 7.841578017268489, 8.043199900655786, 5.9146485201927606, 0.013171653535642905, 4.631455278299907, 5.2031373856584935, 6.705950558029537, 9.9595572907888, 4.631455278299907, 0.0, 4.32146465578952, 6.123600530169132, 7.841578017268489, 5.2031373856584935, 4.32146465578952, 0.010422437507779546, 1.8525643121499886, 8.043199900655786, 6.705950558029537, 6.123600530169132, 1.8525643121499886, 0.0], "finger_straight_table": [0.0, 1.0, 1.0, 1.0, 1.0], "bone_dot_table": [90.00000105055241, 43.11319939921842, 67.41955762552375, 13.34054632071925, 4.502700907519505, 3.6184142710999057, 3.040923021125506, 4.265614860916554, 3.3899645723830085, 7.420266297726501, 3.413549102687506, 2.7322441886715962, 15.559874627420355, 4.281710925852015, 3.346054001514399]}, {"fingertip_distance_table": [0.0, 69.95754960337717, 82.27189437184806, 82.2302663977163, 76.62156783108246, 69.95754960337717, 0.0, 17.895486304719814, 33.05480334906487, 53.7833843920439, 82.27189437184806, 17.895486304719814, 0.0, 20.058104702153276, 45.68581446474938, 82.2302663977163, 33.05480334906487, 20.058104702153276, 0.0, 27.389601086925804, 76.62156783108246, 53.7833843920439, 45.68581446474938, 27.389601086925804, 0.0], "finger_dot_table": [0.002409155925898674, 5.050711871385627, 9.006936149332441, 7.113254892885052, 7.706064163373918, 5.050711871385627, 0.0, 4.315117306542355, 4.957853715514435, 6.921182829086355, 9.006936149332441, 4.315117306542355, 0.01933183012145414, 4.488613274070708, 6.7531625890688725, 7.113254892885052, 4.957853715514435, 4.488613274070708, 0.011337631664961175, 2.3198420491785967, 7.706064163373918, 6.921182829086355, 6.7531625890688725, 2.3198420491785967, 0.0], "finger_straight_table": [0.0, 1.0, 1.0, 1.0, 1.0], "bone_dot_table": [90.00000105055241, 43.36448228596514, 69.97379179282407, 13.674404356415636, 4.855095138791276, 3.929142842519887, 3.013345139420581, 4.616063776048097, 3.696015874447037, 7.188958650839676, 3.5243288622806714, 2.841094170642346, 15.40645023028328, 4.435011853085488, 3.4976470302367075]}, {"fingertip_distance_table": [0.0, 69.44483925718339, 81.8689462282348, 82.72528569343903, 76.87883161966047, 69.44483925718339, 0.0, 17.99615092217632, 34.01344731506975, 53.670845377674766, 81.8689462282348, 17.99615092217632, 0.0, 21.00826945882339, 45.63885821894617, 82.72528569343903, 34.01344731506975, 21.00826945882339, 0.0, 26.73337830373199, 76.87883161966047, 53.670845377674766, 45.63885821894617, 26.73337830373199, 0.0], "finger_dot_table": [0.011794515022958028, 3.8606856088119677, 8.492837254155024, 5.513957914419698, 6.791661015360819, 3.8606856088119677, 0.0, 4.984699619624122, 3.9694336006474797, 6.663470373144712, 8.492837254155024, 4.984699619624122, 0.005068145331405224, 4.4100433766009965, 6.977985418582586, 5.513957914419698, 3.9694336006474797, 4.4100433766009965, 0.007490782070672596, 2.9833393830849397, 6.791661015360819, 6.663470373144712, 6.977985418582586, 2.9833393830849397, 0.017952433972781782], "finger_straight_table": [0.0, 1.0, 1.0, 1.0, 1.0], "bone_dot_table": [90.00000105055241, 42.76784644896594, 66.23478647453251, 14.27206906733329, 5.171683991385598, 4.213144234042658, 3.261105550581504, 4.9333232189800515, 3.9577218368961296, 6.255365213735974, 3.9249104618770136, 3.176570091281986, 15.152837958956239, 4.724351674951741, 3.739214201786364]}, {"fingertip_distance_table": [0.0, 69.99640004037902, 82.55849488348323, 83.2301845108424, 77.02819845519583, 69.99640004037902, 0.0, 18.471542050045702, 34.047091214848024, 53.42924666371806, 82.55849488348323, 18.471542050045702, 0.0, 20.564257528484607, 45.05326376251641, 83.2301845108424, 34.047091214848024, 20.564257528484607, 0.0, 26.57152005505883, 77.02819845519583, 53.42924666371806, 45.05326376251641, 26.57152005505883, 0.0], "finger_dot_table": [0.012931150018380919, 3.901247242428506, 8.303268285758842, 5.427253977289112, 7.13697783955999, 3.901247242428506, 0.014011632046519094, 4.666022580519774, 4.127667959108505, 7.298792386207357, 8.303268285758842, 4.666022580519774, 0.004763587557431523, 4.82861041635215, 7.889417080773645, 5.427253977289112, 4.127667959108505, 4.82861041635215, 0.015241166097874424, 3.4029186802497753, 7.13697783955999, 7.298792386207357, 7.889417080773645, 3.4029186802497753, 0.01794112913299892], "finger_straight_table": [0.0, 1.0, 1.0, 1.0, 1.0], "bone_dot_table": [90.00000105055241, 43.124454909089145, 69.79025775495718, 14.512310120744766, 5.497940279137055, 4.474229076721005, 3.9807216046352165, 5.321233106342266, 4.269177141672173, 6.052939982124603, 4.040378679896091, 3.2723661479417236, 15.175792783439604, 4.986604742716556, 3.9602082373559955]}, {"fingertip_distance_table": [0.0, 70.18160256345921, 82.94717999001747, 83.35080853422157, 77.14446660388131, 70.18160256345921, 0.0, 18.5420025816676, 33.44180121670883, 52.79448437783871, 82.94717999001747, 18.5420025816676, 0.0, 19.876129925896297, 44.419546856405674, 83.35080853422157, 33.44180121670883, 19.876129925896297, 0.0, 26.50297806964923, 77.14446660388131, 52.79448437783871, 44.419546856405674, 26.50297806964923, 0.0], "finger_dot_table": [0.005932252465761989, 5.861349180444331, 9.4190164582374, 6.145002484357154, 7.223350060729555, 5.861349180444331, 0.0, 4.279927524687328, 4.974359879158406, 8.482833562703016, 9.4190164582374, 4.279927524687328, 0.009804592673371606, 5.160683625358318, 8.722980969010406, 6.145002484357154, 4.974359879158406, 5.160683625358318, 0.0, 3.7402512814145785, 7.223350060729555, 8.482833562703016, 8.722980969010406, 3.7402512814145785, 0.015450631908336312], "finger_straight_table": [0.0, 1.0, 1.0, 1.0, 1.0], "bone_dot_table": [90.00000105055241, 43.184988493244, 71.45713423445484, 14.850314452952418, 5.975762343358105, 4.825456383880898, 4.834075902279276, 5.61428006691301, 4.480195424638863, 5.653558995323479, 4.294055813347854, 3.460662626144289, 15.02580177309423, 5.275406633425265, 4.179463419852609]}, {"fingertip_distance_table": [0.0, 70.37589660495902, 83.15084143384827, 83.52735931723294, 77.18211830156035, 70.37589660495902, 0.0, 18.57129216957364, 33.35972161306558, 52.53165811428699, 83.15084143384827, 18.57129216957364, 0.0, 19.73319713403203, 44.14819458254391, 83.52735931723294, 33.35972161306558, 19.73319713403203, 0.0, 26.355331336851876, 77.18211830156035, 52.53165811428699, 44.14819458254391, 26.355331336851876, 0.0], "finger_dot_table": [0.0029292697933141383, 6.173502850053002, 9.704832428375008, 6.380195941025414, 7.348162509799014, 6.173502850053002, 0.0, 4.321719597453063, 4.939823050951193, 8.525158884609109, 9.704832428375008, 4.321719597453063, 0.015004537552351836, 5.027444528856431, 8.645093596786241, 6.380195941025414, 4.939823050951193, 5.027444528856431, 0.0, 3.8190057602783534, 7.348162509799014, 8.525158884609109, 8.645093596786241, 3.8190057602783534, 0.0], "finger_straight_table": [0.0, 1.0, 1.0, 1.0, 1.0], "bone_dot_table": [90.00000105055241, 43.12335015626016, 72.96916049338422, 14.971087543245593, 5.960100539613198, 4.801642656948456, 5.153320127592627, 5.641489676250921, 4.490759508901408, 5.3377768355943696, 4.311520801211638, 3.4639943761380048, 14.950590628353151, 5.329674790634678, 4.206613585947984]}, {"fingertip_distance_table": [0.0, 70.64896367872436, 83.49957928088453, 83.73476152705751, 77.13497609024608, 70.64896367872436, 0.0, 18.681725425089674, 33.06340783471262, 52.07154962633378, 83.49957928088453, 18.681725425089674, 0.0, 19.385293276595092, 43.66507513692813, 83.73476152705751, 33.06340783471262, 19.385293276595092, 0.0, 26.296675472131064, 77.13497609024608, 52.07154962633378, 43.66507513692813, 26.296675472131064, 0.0], "finger_dot_table": [0.010119221595373857, 6.177193023485601, 9.31886239588384, 6.0397983082364455, 7.607020056771504, 6.177193023485601, 0.01168289473003869, 4.023929044721059, 5.511830576591516, 9.25455034355554, 9.31886239588384, 4.023929044721059, 0.014784160209402515, 5.525862474190324, 9.144698873559317, 6.0397983082364455, 5.511830576591516, 5.525862474190324, 0.01824313497381991, 3.844899615500372, 7.607020056771504, 9.25455034355554, 9.144698873559317, 3.844899615500372, 0.012935814249081702], "finger_straight_table": [0.0, 1.0, 1.0, 1.0, 1.0], "bone_dot_table": [90.00000105055241, 43.07385617466066, 75.13894358109958, 15.003708630951309, 5.8501130734092195, 4.696522006626719, 5.475306854028751, 5.54599134912198, 4.406536658089758, 5.591979892678271, 4.319856400706285, 3.4721885972327944, 15.381725598110929, 5.365690190491224, 4.231131580746528]}, {"fingertip_distance_table": [0.0, 70.55383030919275, 83.44530989207058, 83.67850073871506, 77.15383604883918, 70.55383030919275, 0.0, 18.40972577089233, 32.5782029190995, 51.56815276951901, 83.44530989207058, 18.40972577089233, 0.0, 19.30905362573322, 43.461894349122936, 83.67850073871506, 32.5782029190995, 19.30905362573322, 0.0, 26.306622247387523, 77.15383604883918, 51.56815276951901, 43.461894349122936, 26.306622247387523, 0.0], "finger_dot_table": [0.01562039103553707, 7.540005756564455, 10.423590629099069, 6.269694025142906, 7.4105270081886525, 7.540005756564455, 0.0, 4.269678810917014, 6.077766348694947, 9.723026931086796, 10.423590629099069, 4.269678810917014, 0.0, 5.963134016012826, 9.360781569322354, 6.269694025142906, 6.077766348694947, 5.963134016012826, 0.01728279299262354, 3.697242666635809, 7.4105270081886525, 9.723026931086796, 9.360781569322354, 3.697242666635809, 0.0], "finger_straight_table": [0.0, 1.0, 1.0, 1.0, 1.0], "bone_dot_table": [90.00000105055241, 42.31430907582331, 74.64251273081267, 15.091736182557895, 5.80137654564076, 4.640033432878723, 5.593332731414185, 5.737127030551917, 4.542880955271406, 5.881873798588218, 4.620256881230507, 3.7101648556659357, 15.707478314992626, 5.552543921022306, 4.363794344007729]}, {"fingertip_distance_table": [0.0, 70.13982792568922, 82.82466709018982, 83.00284517149096, 76.28621027195899, 70.13982792568922, 0.0, 18.152014514679205, 31.967197934040716, 50.975745436916675, 82.82466709018982, 18.152014514679205, 0.0, 19.148279385917842, 43.140987067809775, 83.00284517149096, 31.967197934040716, 19.148279385917842, 0.0, 26.424772469945673, 76.28621027195899, 50.975745436916675, 43.140987067809775, 26.424772469945673, 0.0], "finger_dot_table": [0.0, 6.503495026440448, 9.742263396178728, 6.156544054810623, 8.329565222339017, 6.503495026440448, 0.0, 4.561235060093291, 6.733202434660359, 9.841170578912497, 9.742263396178728, 4.561235060093291, 0.0, 6.484604013317192, 8.947828124433972, 6.156544054810623, 6.733202434660359, 6.484604013317192, 0.0, 3.1164490502517537, 8.329565222339017, 9.841170578912497, 8.947828124433972, 3.1164490502517537, 0.019359644606652772], "finger_straight_table": [0.0, 1.0, 1.0, 1.0, 1.0], "bone_dot_table": [90.00000105055241, 42.382325089732944, 74.3699901823016, 15.283782502833521, 5.795072708623923, 4.6200866026541565, 5.81581187320074, 5.925063803799279, 4.6765152089334485, 6.2105520452876775, 4.8623943325870025, 3.901693557792778, 15.930879858300752, 5.859654674720366, 4.572039306299272]}, {"fingertip_distance_table": [0.0, 69.82693201880325, 82.24036048119812, 82.1866301439294, 75.44281645843643, 69.82693201880325, 0.0, 18.00983328246801, 31.287688411139655, 50.881736362385126, 82.24036048119812, 18.00983328246801, 0.0, 18.867795352408688, 43.18530215686807, 82.1866301439294, 31.287688411139655, 18.867795352408688, 0.0, 26.948404061128358, 75.44281645843643, 50.881736362385126, 43.18530215686807, 26.948404061128358, 0.0], "finger_dot_table": [0.01606309148158613, 4.25269554224211, 8.083951190673549, 7.086949068793005, 9.39022897175699, 4.25269554224211, 0.0, 4.554274130215699, 7.700560498301907, 9.88901511732711, 8.083951190673549, 4.554274130215699, 0.018147068395746303, 7.299325691743607, 8.752002203529187, 7.086949068793005, 7.700560498301907, 7.299325691743607, 0.012822553164591001, 2.3313503351360874, 9.39022897175699, 9.88901511732711, 8.752002203529187, 2.3313503351360874, 0.016595069717882188], "finger_straight_table": [0.0, 1.0, 1.0, 1.0, 1.0], "bone_dot_table": [90.00000105055241, 42.838998619205555, 74.2823060675554, 15.351592563127577, 5.64420895402663, 4.4967812628587644, 5.7566883665025435, 5.714862019666392, 4.509907457928643, 6.980678656783812, 4.490145538642785, 3.610274265447908, 15.96915718080144, 5.789068275366877, 4.514578253661865]}, {"fingertip_distance_table": [0.0, 70.18870262111949, 82.51252930833023, 82.22700435725024, 75.47660522474978, 70.18870262111949, 0.0, 17.500861697744725, 30.62248481196784, 50.5536694227372, 82.51252930833023, 17.500861697744725, 0.0, 18.66722149448515, 43.408979033652585, 82.22700435725024, 30.62248481196784, 18.66722149448515, 0.0, 27.119744724221675, 75.47660522474978, 50.5536694227372, 43.408979033652585, 27.119744724221675, 0.0], "finger_dot_table": [0.0, 3.0416290939910384, 7.174100572702491, 7.405426060963129, 9.529229882972208, 3.0416290939910384, 0.0, 4.884308777295923, 7.803250687743019, 9.785822265552957, 7.174100572702491, 4.884308777295923, 0.01459351103833315, 6.561773615360035, 7.779256834918545, 7.405426060963129, 7.803250687743019, 6.561773615360035, 0.0, 2.1239123817214196, 9.529229882972208, 9.785822265552957, 7.779256834918545, 2.1239123817214196, 0.0], "finger_straight_table": [0.0, 1.0, 1.0, 1.0, 1.0], "bone_dot_table": [90.00000105055241, 42.96976683339024, 75.05962678076067, 15.667354944474651, 5.267247034162192, 4.2117943317867095, 5.139676034141491, 5.267675008460223, 4.173605184968154, 7.245701795558794, 4.30173125353629, 3.462417727318117, 15.99673937871612, 5.6562537952120895, 4.411350430390582]}, {"fingertip_distance_table": [0.0, 70.68816424467747, 82.93611645013296, 82.61118384125997, 75.7858848636953, 70.68816424467747, 0.0, 17.0079010319489, 30.261725879868486, 50.46210677618197, 82.93611645013296, 17.0079010319489, 0.0, 18.856296535608163, 43.87580518227989, 82.61118384125997, 30.261725879868486, 18.856296535608163, 0.0, 27.388633744194642, 75.7858848636953, 50.46210677618197, 43.87580518227989, 27.388633744194642, 0.0], "finger_dot_table": [0.010703713320192867, 0.9652863259452348, 5.885255356616118, 7.75294565658346, 9.463926708585566, 0.9652863259452348, 0.0, 5.265313993332471, 7.957488789069468, 9.548695250516888, 5.885255356616118, 5.265313993332471, 0.0, 6.243862472601483, 6.811415735558703, 7.75294565658346, 7.957488789069468, 6.243862472601483, 0.010357813535341497, 1.9753162455047493, 9.463926708585566, 9.548695250516888, 6.811415735558703, 1.9753162455047493, 0.0], "finger_straight_table": [0.0, 1.0, 1.0, 1.0, 1.0], "bone_dot_table": [90.00000105055241, 42.98897784869622, 75.67157816689758, 16.011721377799184, 4.850262423915954, 3.912489051076963, 4.258826897570081, 4.769689516443916, 3.812894483805458, 7.836307009903846, 3.56822106605773, 2.888882028693956, 16.016681010321506, 5.134455112929621, 4.020733391966071]}, {"fingertip_distance_table": [0.0, 71.31196483641529, 83.74318646700105, 83.18422272635843, 76.45065686894281, 71.31196483641529, 0.0, 17.021534224389416, 30.068490323726376, 50.719381716662696, 83.74318646700105, 17.021534224389416, 0.0, 18.65775404147443, 44.21001013555158, 83.18422272635843, 30.068490323726376, 18.65775404147443, 0.0, 27.834962427865975, 76.45065686894281, 50.719381716662696, 44.21001013555158, 27.834962427865975, 0.0], "finger_dot_table": [0.0, 1.123699297668737, 4.604071782794362, 8.353212929122664, 9.102240911063053, 1.123699297668737, 0.0, 5.111231799790348, 8.000262870196462, 8.981454915450517, 4.604071782794362, 5.111231799790348, 0.012310509466902797, 5.865920872005044, 5.632971255923663, 8.353212929122664, 8.000262870196462, 5.865920872005044, 0.0, 2.0075789527100154, 9.102240911063053, 8.981454915450517, 5.632971255923663, 2.0075789527100154, 0.0], "finger_straight_table": [0.0, 1.0, 1.0, 1.0, 1.0], "bone_dot_table": [90.00000105055241, 43.02317919238804, 76.28355702268851, 16.500452846580316, 4.544683172813911, 3.7122667780434258, 4.387162153841542, 4.0992629564600405, 3.318895319804946, 8.943704511535767, 2.8908254602023145, 2.3610500335901685, 15.962941017875805, 4.567413136923002, 3.599125174813591]}, {"fingertip_distance_table": [0.0, 72.17828754440956, 85.14499672905619, 83.72574893251988, 78.02245015778715, 72.17828754440956, 0.0, 18.173236184251483, 29.9011967407842, 52.43610505862501, 85.14499672905619, 18.173236184251483, 0.0, 17.106351210230482, 44.807797254478636, 83.72574893251988, 29.9011967407842, 17.106351210230482, 0.0, 29.013034904961962, 78.02245015778715, 52.43610505862501, 44.807797254478636, 29.013034904961962, 0.0], "finger_dot_table": [0.0, 6.920302208487182, 6.361151244762454, 11.064636485933631, 9.663753270626696, 6.920302208487182, 0.01584500626770894, 3.8976229665677287, 7.457287653431067, 7.0731026097292515, 6.361151244762454, 3.8976229665677287, 0.016587250354144736, 4.838117616402182, 3.7633287030861755, 11.064636485933631, 7.457287653431067, 4.838117616402182, 0.008962220151660398, 1.711695282360075, 9.663753270626696, 7.0731026097292515, 3.7633287030861755, 1.711695282360075, 0.0], "finger_straight_table": [0.0, 1.0, 1.0, 1.0, 1.0], "bone_dot_table": [90.00000105055241, 42.559016071619176, 75.76070450295356, 17.81846496075717, 4.035829785442253, 3.381312023663505, 7.998052308602483, 3.4633745940871163, 2.884827326571727, 11.5900467950011, 2.7415726891156864, 2.2807790115617883, 15.701731915504649, 4.732534489743426, 3.8114041905689646]}, {"fingertip_distance_table": [0.0, 71.38556327255105, 84.86170933670478, 85.97783712522946, 81.58546514583065, 71.38556327255105, 0.0, 17.710736698330567, 32.89234106505759, 54.41014874484134, 84.86170933670478, 17.710736698330567, 0.0, 20.16486875893964, 47.02915692154196, 85.97783712522946, 32.89234106505759, 20.16486875893964, 0.0, 28.43159764963298, 81.58546514583065, 54.41014874484134, 47.02915692154196, 28.43159764963298, 0.0], "finger_dot_table": [0.0, 11.51188329672767, 8.577207568010026, 10.003236242561181, 8.977754833501239, 11.51188329672767, 0.001290569183939073, 4.508154180632204, 4.817689328992323, 5.246255430023903, 8.577207568010026, 4.508154180632204, 0.014459178160241507, 1.6240388395977423, 1.0434583497071683, 10.003236242561181, 4.817689328992323, 1.6240388395977423, 0.0, 1.054255947062101, 8.977754833501239, 5.246255430023903, 1.0434583497071683, 1.054255947062101, 0.0], "finger_straight_table": [0.0, 1.0, 1.0, 1.0, 1.0], "bone_dot_table": [90.00000105055241, 38.74294719383234, 64.10844923477491, 20.682745415197687, 4.060149603938941, 3.5029046476967447, 12.212998259037917, 3.6327070493666964, 3.113307733292623, 13.574833129226569, 3.1458675600859336, 2.6806686631250245, 16.427157404592585, 5.004561214541423, 4.132973449781744]}, {"fingertip_distance_table": [0.0, 71.04486359041611, 84.81788295429435, 86.30897982279589, 83.26790920770912, 71.04486359041611, 0.0, 17.938719883949883, 32.44394259775099, 55.13834968627935, 84.81788295429435, 17.938719883949883, 0.0, 19.900538672914838, 47.58059920361512, 86.30897982279589, 32.44394259775099, 19.900538672914838, 0.0, 29.42105100934477, 83.26790920770912, 55.13834968627935, 47.58059920361512, 29.42105100934477, 0.0], "finger_dot_table": [0.0, 13.931492049573759, 9.976899391964134, 12.810904056703077, 11.462846557147062, 13.931492049573759, 0.009615569935212287, 4.8111318392624565, 5.256485663860586, 4.30850617788408, 9.976899391964134, 4.8111318392624565, 0.014843643319676091, 3.329231123809154, 1.5712176796388595, 12.810904056703077, 5.256485663860586, 3.329231123809154, 0.0, 1.868832282612633, 11.462846557147062, 4.30850617788408, 1.5712176796388595, 1.868832282612633, 0.0], "finger_straight_table": [0.0, 1.0, 1.0, 1.0, 1.0], "bone_dot_table": [90.00000105055241, 37.23456862941282, 58.26718074737725, 23.094834615027118, 4.610559755287004, 4.050137211770267, 14.55995376354755, 3.924793745672501, 3.4056327896305185, 17.31215033823717, 3.226101321278176, 2.8012852895412013, 18.048903083546374, 4.857142290460334, 4.079843289077586]}, {"fingertip_distance_table": [0.0, 70.4172345150917, 84.25562768844675, 86.03364414499116, 83.59261843059492, 70.4172345150917, 0.0, 18.19213660253394, 32.915062215073526, 55.905222896494095, 84.25562768844675, 18.19213660253394, 0.0, 20.167931555085033, 48.182503548964604, 86.03364414499116, 32.915062215073526, 20.167931555085033, 0.0, 29.581189411287358, 83.59261843059492, 55.905222896494095, 48.182503548964604, 29.581189411287358, 0.0], "finger_dot_table": [0.0, 16.29813528940972, 11.982224041576677, 14.284666528033728, 13.619823589114587, 16.29813528940972, 0.00847329333729503, 5.224776414235691, 4.949994399817911, 3.814729188068138, 11.982224041576677, 5.224776414235691, 0.0, 2.5681880550976843, 1.677069627664372, 14.284666528033728, 4.949994399817911, 2.5681880550976843, 0.015539349334484552, 1.7377775186745055, 13.619823589114587, 3.814729188068138, 1.677069627664372, 1.7377775186745055, 0.0], "finger_straight_table": [0.0, 1.0, 1.0, 1.0, 1.0], "bone_dot_table": [90.00000105055241, 38.10189839589947, 50.65450841576192, 25.502164827841256, 4.635518170755451, 4.135106269759037, 16.84188063245286, 3.9472965657090073, 3.4652537083633184, 18.978608122690783, 3.4879277257081753, 3.0604242646918367, 19.336243324452827, 4.784550234153332, 4.071345815117764]}, {"fingertip_distance_table": [0.0, 69.45444094848278, 83.06836663263967, 84.56694059780229, 81.67179977952068, 69.45444094848278, 0.0, 18.57474184529058, 33.63802693296359, 56.49492996575054, 83.06836663263967, 18.57474184529058, 0.0, 20.46746050479324, 48.452748506306854, 84.56694059780229, 33.63802693296359, 20.46746050479324, 0.0, 29.516671401398803, 81.67179977952068, 56.49492996575054, 48.452748506306854, 29.516671401398803, 0.0], "finger_dot_table": [0.0, 17.465428641559782, 13.478611847794088, 15.34121420713996, 14.555972154855162, 17.465428641559782, 0.0, 5.4012401298383255, 4.760656834667395, 3.9141260025087385, 13.478611847794088, 5.4012401298383255, 0.013886647003104076, 1.8928059819949352, 1.4913147664321076, 15.34121420713996, 4.760656834667395, 1.8928059819949352, 0.0, 1.647029217570462, 14.555972154855162, 3.9141260025087385, 1.4913147664321076, 1.647029217570462, 0.0], "finger_straight_table": [0.0, 1.0, 1.0, 1.0, 1.0], "bone_dot_table": [90.00000105055241, 40.74700659948613, 47.15875423090167, 27.010313954118658, 4.562026933634477, 4.109981889832797, 18.231390942538326, 3.823572174473547, 3.380638642170564, 19.880782461982104, 3.5973459049547407, 3.1736557574724062, 20.059286879082496, 4.770774881896039, 4.085960424449519]}, {"fingertip_distance_table": [0.0, 69.04171234981065, 82.56122962305197, 84.09626472791662, 81.78907863441489, 69.04171234981065, 0.0, 18.167550898350527, 33.52759480421794, 57.14697315992079, 82.56122962305197, 18.167550898350527, 0.0, 20.779907459503427, 49.380410439471554, 84.09626472791662, 33.52759480421794, 20.779907459503427, 0.0, 30.09131295857277, 81.78907863441489, 57.14697315992079, 49.380410439471554, 30.09131295857277, 0.0], "finger_dot_table": [0.010301947254847376, 18.101538400529545, 14.58805808287316, 16.573003119250412, 15.84839685291767, 18.101538400529545, 0.0, 5.461053977106748, 4.6748567330462425, 2.9622812079821523, 14.58805808287316, 5.461053977106748, 0.0, 1.9850920528504026, 2.530883083981254, 16.573003119250412, 4.6748567330462425, 1.9850920528504026, 0.0, 2.418247280197268, 15.84839685291767, 2.9622812079821523, 2.530883083981254, 2.418247280197268, 0.010782900223965969], "finger_straight_table": [0.0, 1.0, 1.0, 1.0, 1.0], "bone_dot_table": [90.00000105055241, 41.393932888028225, 44.93742927279123, 27.671878373101176, 4.3507395769363475, 3.936199576242943, 19.473005584179006, 3.883910142851528, 3.4572747866074724, 21.33806576319552, 3.611810748278867, 3.2092569417283565, 21.0484710253923, 4.655844988427376, 4.021967831486653]}, {"fingertip_distance_table": [0.0, 68.77772358451801, 82.20556745095695, 83.76263780892565, 81.67366853507326, 68.77772358451801, 0.0, 18.054818764535266, 33.495968993372074, 57.33846430050228, 82.20556745095695, 18.054818764535266, 0.0, 20.905986333684798, 49.72649088273344, 83.76263780892565, 33.495968993372074, 20.905986333684798, 0.0, 30.24461088281877, 81.67366853507326, 57.33846430050228, 49.72649088273344, 30.24461088281877, 0.0], "finger_dot_table": [0.01618496669514955, 19.213652448829652, 15.421241251374017, 16.88950581058334, 16.07063466847849, 19.213652448829652, 0.02001472673628298, 5.870322156616434, 5.1115168996854505, 3.6189129365506494, 15.421241251374017, 5.870322156616434, 0.0, 1.472914380454545, 2.586712742327735, 16.88950581058334, 5.1115168996854505, 1.472914380454545, 0.0, 2.6281387146733493, 16.07063466847849, 3.6189129365506494, 2.586712742327735, 2.6281387146733493, 0.0], "finger_straight_table": [0.0, 1.0, 1.0, 1.0, 1.0], "bone_dot_table": [90.00000105055241, 41.69670094621179, 42.55564858055602, 28.499251996167374, 4.076808441675827, 3.706051647724928, 20.140940865128684, 3.7462861389383244, 3.3461102486275407, 21.761927092429328, 3.6780464169250697, 3.2747511262195848, 21.30336946927935, 4.70256558965901, 4.071713737579138]}, {"fingertip_distance_table": [0.0, 67.88944496753838, 81.27077326928034, 83.28618124541113, 81.68218759374922, 67.88944496753838, 0.0, 17.765874117603133, 33.65020429406471, 57.581854539392616, 81.27077326928034, 17.765874117603133, 0.0, 21.53273582477782, 50.34480191524068, 83.28618124541113, 33.65020429406471, 21.53273582477782, 0.0, 30.33050402640425, 81.68218759374922, 57.581854539392616, 50.34480191524068, 30.33050402640425, 0.0], "finger_dot_table": [0.0, 19.262994445385008, 15.203000068335578, 16.69857838320567, 15.894616889966652, 19.262994445385008, 0.02058349020938183, 6.47840397690223, 5.165271567696949, 3.713661051056897, 15.203000068335578, 6.47840397690223, 0.0, 1.659376809534092, 3.2875596783099765, 16.69857838320567, 5.165271567696949, 1.659376809534092, 0.007760993205332628, 2.752537190763069, 15.894616889966652, 3.713661051056897, 3.2875596783099765, 2.752537190763069, 0.001863809597588546], "finger_straight_table": [0.0, 1.0, 1.0, 1.0, 1.0], "bone_dot_table": [90.00000105055241, 42.0865002699549, 36.647461814952536, 29.161229718226977, 4.037846057058052, 3.6854007666548414, 20.368786112362685, 3.677288386995428, 3.2881220853466377, 22.159594686620185, 3.570121734605418, 3.1848302219512266, 21.707041803390062, 4.689322892535692, 4.073647140228823]}, {"fingertip_distance_table": [0.0, 67.37371800815414, 80.75271762432358, 83.0181896085725, 81.96961831165561, 67.37371800815414, 0.0, 17.454162536996737, 33.53485954899936, 57.76607221786716, 80.75271762432358, 17.454162536996737, 0.0, 21.83467427910603, 50.865271707354744, 83.0181896085725, 33.53485954899936, 21.83467427910603, 0.0, 30.5366379235094, 81.96961831165561, 57.76607221786716, 50.865271707354744, 30.5366379235094, 0.0], "finger_dot_table": [0.004628608031139895, 18.784877984999195, 14.705502799229505, 16.236313884439614, 15.779990072875366, 18.784877984999195, 0.0, 6.792162190418516, 5.240567258136592, 3.27271899160254, 14.705502799229505, 6.792162190418516, 0.005814234457211663, 1.8304445246132321, 3.995968219951585, 16.236313884439614, 5.240567258136592, 1.8304445246132321, 0.0, 3.04083809036631, 15.779990072875366, 3.27271899160254, 3.995968219951585, 3.04083809036631, 0.016908799517365687], "finger_straight_table": [0.0, 1.0, 1.0, 1.0, 1.0], "bone_dot_table": [90.00000105055241, 42.178404529423126, 33.190848225882306, 29.310812684775442, 4.012138166381113, 3.6650370000785037, 20.419664123724697, 3.68294430815007, 3.294217229578468, 22.38900468529892, 3.5774705359074144, 3.1947037215425778, 22.145974557076848, 4.711575647368586, 4.107083039631574]}, {"fingertip_distance_table": [0.0, 67.0050999120493, 80.28928865591725, 83.90865762175467, 81.87945003982887, 67.0050999120493, 0.0, 16.806502124788842, 36.113222516265125, 57.897978968040015, 80.28928865591725, 16.806502124788842, 0.0, 24.481244407794385, 51.49228149497456, 83.90865762175467, 36.113222516265125, 24.481244407794385, 0.0, 28.971860917794007, 81.87945003982887, 57.897978968040015, 51.49228149497456, 28.971860917794007, 0.0], "finger_dot_table": [0.0, 16.548500948095334, 12.78668680886498, 10.295345645007252, 12.873235885775491, 16.548500948095334, 0.0, 7.092246663134448, 6.8028887577754436, 3.8630584876340013, 12.78668680886498, 7.092246663134448, 0.01636750365292464, 3.4779192682631654, 4.285126106382506, 10.295345645007252, 6.8028887577754436, 3.4779192682631654, 0.01573892742137514, 2.9469756238447506, 12.873235885775491, 3.8630584876340013, 4.285126106382506, 2.9469756238447506, 0.0], "finger_straight_table": [0.0, 1.0, 1.0, 1.0, 1.0], "bone_dot_table": [90.00000105055241, 42.11478877633038, 34.69890528312883, 29.117641072541627, 4.048651971743251, 3.697248722265524, 20.52254654765712, 3.833600288945574, 3.430712116475799, 19.372105486386303, 4.360228483265292, 3.8425257867965863, 21.749421258013218, 4.971474855037286, 4.320620472872253]}, {"fingertip_distance_table": [0.0, 67.23150605968377, 80.42041077824064, 84.28848012951714, 81.12625595500253, 67.23150605968377, 0.0, 17.001034712138114, 37.80612226416787, 58.37892260461752, 80.42041077824064, 17.001034712138114, 0.0, 25.693594801945906, 51.51031085688082, 84.28848012951714, 37.80612226416787, 25.693594801945906, 0.0, 28.193488158130396, 81.12625595500253, 58.37892260461752, 51.51031085688082, 28.193488158130396, 0.0], "finger_dot_table": [0.0, 15.001311230218146, 11.831731002472228, 7.9641884347833445, 10.334816500890547, 15.001311230218146, 0.0, 6.66420119478468, 7.215879570788567, 4.832741739529928, 11.831731002472228, 6.66420119478468, 0.020675448352931718, 4.8293627660979315, 4.067210252137352, 7.9641884347833445, 7.215879570788567, 4.8293627660979315, 0.0, 2.405641589693287, 10.334816500890547, 4.832741739529928, 4.067210252137352, 2.405641589693287, 0.014305138846587098], "finger_straight_table": [0.0, 1.0, 1.0, 1.0, 1.0], "bone_dot_table": [90.00000105055241, 42.53878449713046, 40.600510944403766, 28.58453323050234, 4.344894347667706, 3.965868002039853, 20.620637533635172, 4.209806370522416, 3.769207478413343, 18.331112010265336, 4.6540068832310535, 4.086665240578636, 20.95717666596472, 5.4067514950721565, 4.668329883402851]}, {"fingertip_distance_table": [0.0, 67.90554147038672, 81.04095323812223, 84.16440382241177, 81.06132945399735, 67.90554147038672, 0.0, 17.60191459699012, 37.77026751294738, 59.09223432638149, 81.04095323812223, 17.60191459699012, 0.0, 24.89111775310073, 51.421388228502025, 84.16440382241177, 37.77026751294738, 24.89111775310073, 0.0, 28.625990029602868, 81.06132945399735, 59.09223432638149, 51.421388228502025, 28.625990029602868, 0.0], "finger_dot_table": [0.0, 15.702431148736974, 12.971983501538881, 9.719298324173472, 11.596467457228595, 15.702431148736974, 0.0, 5.77499206581628, 6.255429925940947, 4.1719067255193165, 12.971983501538881, 5.77499206581628, 0.013885929112239567, 4.0261738818432375, 3.966896177559801, 9.719298324173472, 6.255429925940947, 4.0261738818432375, 0.0, 2.121987844498239, 11.596467457228595, 4.1719067255193165, 3.966896177559801, 2.121987844498239, 0.0], "finger_straight_table": [0.0, 1.0, 1.0, 1.0, 1.0], "bone_dot_table": [90.00000105055241, 42.64252862768106, 45.130403214475194, 28.076218243080657, 4.97419957415694, 4.536674196233873, 20.67269123208905, 4.572202558152538, 4.094552195352678, 18.847786923092976, 4.934125861479161, 4.342092495232954, 20.889822432186346, 5.567358828462476, 4.805156547479169]}, {"fingertip_distance_table": [0.0, 68.10393512806533, 81.16830610405788, 83.53054234381102, 80.78319815340674, 68.10393512806533, 0.0, 18.224188268810245, 37.94957936436669, 60.29659566886861, 81.16830610405788, 18.224188268810245, 0.0, 24.254555106604034, 51.71702183460305, 83.53054234381102, 37.94957936436669, 24.254555106604034, 0.0, 29.30436778801901, 80.78319815340674, 60.29659566886861, 51.71702183460305, 29.30436778801901, 0.0], "finger_dot_table": [0.012110711413095217, 16.61085894244527, 14.436691529195201, 10.904744202112745, 12.416725421228907, 16.61085894244527, 0.015932135716376396, 4.818171265879091, 6.1125522971041635, 4.195322448637453, 14.436691529195201, 4.818171265879091, 0.0, 3.822027644083679, 4.320824816275224, 10.904744202112745, 6.1125522971041635, 3.822027644083679, 0.0053251734874968214, 2.490428779439751, 12.416725421228907, 4.195322448637453, 4.320824816275224, 2.490428779439751, 0.018437153131163005], "finger_straight_table": [0.0, 1.0, 1.0, 1.0, 1.0], "bone_dot_table": [90.00000105055241, 42.871656650710015, 47.32079676810587, 27.717322552130582, 5.2257139524743, 4.772112530165453, 21.533676964473752, 5.031972833638802, 4.526474694212097, 19.446052987144665, 5.3507988126673665, 4.715538713814486, 20.95426818045399, 5.705324035661667, 4.926591466591091]}, {"fingertip_distance_table": [0.0, 70.59418026576768, 83.41354871687423, 84.26269232461837, 81.2104529695587, 70.59418026576768, 0.0, 19.54494121105019, 38.741304871045465, 62.46745469692484, 83.41354871687423, 19.54494121105019, 0.0, 23.56959569635601, 52.273073061703805, 84.26269232461837, 38.741304871045465, 23.56959569635601, 0.0, 30.335626908444357, 81.2104529695587, 62.46745469692484, 52.273073061703805, 30.335626908444357, 0.0], "finger_dot_table": [0.0, 17.97114632189364, 16.025303037213106, 11.72615185661129, 12.691703293087684, 17.97114632189364, 0.0, 3.4380916276863935, 6.685861701993698, 5.523604783568266, 16.025303037213106, 3.4380916276863935, 0.0, 4.299392912129185, 5.145316959536838, 11.72615185661129, 6.685861701993698, 4.299392912129185, 0.016747651259157413, 3.4603003313199525, 12.691703293087684, 5.523604783568266, 5.145316959536838, 3.4603003313199525, 0.0], "finger_straight_table": [0.0, 1.0, 1.0, 1.0, 1.0], "bone_dot_table": [90.00000105055241, 43.30736388807213, 65.89804277363656, 27.531145836479574, 4.996262576051891, 4.579403195531581, 23.156741090869215, 5.329458455524497, 4.831001702744506, 19.956220360045737, 5.3313835829931895, 4.6977268817354165, 21.204508837423855, 5.81760527291208, 5.033873642129282]}, {"fingertip_distance_table": [0.0, 71.44626791234515, 84.08795433837713, 85.74690105331516, 82.2967773853338, 71.44626791234515, 0.0, 19.977596298071184, 41.38763930989952, 64.27656677177886, 84.08795433837713, 19.977596298071184, 0.0, 25.56147663387685, 53.41946237983828, 85.74690105331516, 41.38763930989952, 25.56147663387685, 0.0, 30.004639335741373, 82.2967773853338, 64.27656677177886, 53.41946237983828, 30.004639335741373, 0.0], "finger_dot_table": [0.004498810713771933, 19.057403347130638, 16.89100353925919, 11.682920693826173, 14.29031414743198, 19.057403347130638, 0.0, 3.2355094627939445, 7.376750648006694, 6.063909647093242, 16.89100353925919, 3.2355094627939445, 0.0, 5.485121666186518, 6.177063816778946, 11.682920693826173, 7.376750648006694, 5.485121666186518, 0.0, 4.0568971411246455, 14.29031414743198, 6.063909647093242, 6.177063816778946, 4.0568971411246455, 0.005111469225670042], "finger_straight_table": [0.0, 1.0, 1.0, 1.0, 1.0], "bone_dot_table": [90.00000105055241, 43.167158599013, 71.43439970276637, 27.793205015445373, 5.107815569550827, 4.700844657520301, 23.765975385722207, 5.369753284488728, 4.878164129949336, 20.029044433381657, 5.270055425572499, 4.652183593492928, 22.337641724673002, 5.6530484462501285, 4.928786490608177]}, {"fingertip_distance_table": [0.0, 71.38445671764245, 84.01438480827929, 86.90229516713227, 83.04839835145712, 71.38445671764245, 0.0, 21.83133313296093, 46.081829902520795, 67.95779574221335, 84.01438480827929, 21.83133313296093, 0.0, 28.022394150666646, 54.961740015083905, 86.90229516713227, 46.081829902520795, 28.022394150666646, 0.0, 29.57902472743659, 83.04839835145712, 67.95779574221335, 54.961740015083905, 29.57902472743659, 0.0], "finger_dot_table": [0.010759600739641011, 21.16