[{"fingertip_distance_table": [0.0, 107.44904059322079, 132.35445299528422, 141.18315644710927, 144.0510231196896, 107.44904059322079, 0.0, 30.858472737468357, 51.41012407897199, 73.86281329846963, 132.35445299528422, 30.858472737468357, 0.0, 24.375322861822294, 51.947797895981395, 141.18315644710927, 51.41012407897199, 24.375322861822294, 0.0, 30.56310482203899, 144.0510231196896, 73.86281329846963, 51.947797895981395, 30.56310482203899, 0.0], "finger_dot_table": [0.0, 50.35661866394974, 58.99177984487455, 59.85580574465876, 63.40299196853614, 50.35661866394974, 0.0, 8.648009463119564, 11.076688151371005, 13.502185456385734, 58.99177984487455, 8.648009463119564, 0.0, 5.566294539947004, 5.419751514492405, 59.85580574465876, 11.076688151371005, 5.566294539947004, 0.0, 4.314736697491652, 63.40299196853614, 13.502185456385734, 5.419751514492405, 4.314736697491652, 0.01427891436758891], "finger_straight_table": [1.0, 1.0, 1.0, 1.0, 1.0], "bone_dot_table": [90.00000105055241, 4.655556780472166, 11.668835359981804, 2.931415142718867, 1.7850767953466744, 1.43827114627721, 3.8354872347024265, 1.491311931212275, 1.190523220687865, 4.202610085357651, 0.858162935937196, 0.6974902298781909, 7.454971366373096, 2.4675392833726293, 1.940689446278229]}, {"fingertip_distance_table": [0.0, 114.89648313576242, 139.5393876636274, 147.6055020640612, 150.70403751756692, 114.89648313576242, 0.0, 30.656912191718675, 50.985345814081874, 74.16804107093989, 139.5393876636274, 30.656912191718675, 0.0, 24.15015073706629, 52.412396139821794, 147.6055020640612, 50.985345814081874, 24.15015073706629, 0.0, 30.995845882025165, 150.70403751756692, 74.16804107093989, 52.412396139821794, 30.995845882025165, 0.0], "finger_dot_table": [0.019441734571015053, 59.57991849496573, 67.54091210189756, 67.62761027248564, 71.81178812496884, 59.57991849496573, 0.0, 8.129106454513689, 11.097911656363065, 14.265420044717786, 67.54091210189756, 8.129106454513689, 0.017320753581087773, 6.199228125547122, 7.243300004471355, 67.62761027248564, 11.097911656363065, 6.199228125547122, 0.0, 4.206803814748031, 71.81178812496884, 14.265420044717786, 7.243300004471355, 4.206803814748031, 0.0], "finger_straight_table": [1.0, 1.0, 1.0, 1.0, 1.0], "bone_dot_table": [90.00000105055241, 3.673978781684642, 2.097688667727158, 3.980622545534591, 2.493235892316227, 2.011372993238476, 4.426022708158218, 2.5655480195172715, 2.0720510844849174, 5.762920140884895, 1.6635254224666145, 1.3719656336951211, 6.37275792194756, 3.335419453238241, 2.6870625228395815]}, {"fingertip_distance_table": [0.0, 117.00473289885674, 141.33246627999125, 149.24693367166728, 151.9996196760973, 117.00473289885674, 0.0, 30.190504963335265, 50.41253420377084, 73.4131354823496, 141.33246627999125, 30.190504963335265, 0.0, 24.08533723862371, 52.13060483472278, 149.24693367166728, 50.41253420377084, 24.08533723862371, 0.0, 30.798176938742237, 151.9996196760973, 73.4131354823496, 52.13060483472278, 30.798176938742237, 0.0], "finger_dot_table": [0.006645247643736033, 62.43600614947341, 69.96828026213366, 69.880571415706, 73.78027345577202, 62.43600614947341, 0.00871469376751368, 7.6576782535710475, 10.667360439045668, 13.633021440797789, 69.96828026213366, 7.6576782535710475, 0.005079048749521603, 6.437041637655407, 7.386473360985486, 69.880571415706, 10.667360439045668, 6.437041637655407, 0.0, 3.9040450764923897, 73.78027345577202, 13.633021440797789, 7.386473360985486, 3.9040450764923897, 0.00910372569163048], "finger_straight_table": [1.0, 1.0, 1.0, 1.0, 1.0], "bone_dot_table": [90.00000105055241, 5.853698675557197, 1.6910404307779132, 4.922147651336429, 2.9751935944598116, 2.4087744336731745, 4.874877978760465, 3.154890536388164, 2.5563545544020037, 6.278858607681741, 2.021747689988023, 1.6726127464667722, 6.77300759138239, 3.748360019681921, 3.0347511052820924]}, {"fingertip_distance_table": [0.0, 120.04172481496353, 144.27567383192442, 151.9569690930672, 154.08951273047586, 120.04172481496353, 0.0, 30.030201093887825, 49.74218806872082, 72.44606785524341, 144.27567383192442, 30.030201093887825, 0.0, 23.45745774553634, 51.39327110906701, 151.9569690930672, 49.74218806872082, 23.45745774553634, 0.0, 30.38754062299084, 154.08951273047586, 72.44606785524341, 51.39327110906701, 30.38754062299084, 0.0], "finger_dot_table": [0.0, 65.84330921058597, 73.21888496212466, 73.126075487874, 76.48331959140575, 65.84330921058597, 0.0, 7.4602429257448595, 9.846732750461545, 12.552347065393333, 73.21888496212466, 7.4602429257448595, 0.012401665650496165, 5.634304124054482, 6.524152964433533, 73.126075487874, 9.846732750461545, 5.634304124054482, 0.01240180859470095, 3.3574018249372264, 76.48331959140575, 12.552347065393333, 6.524152964433533, 3.3574018249372264, 0.0], "finger_straight_table": [1.0, 1.0, 1.0, 1.0, 1.0], "bone_dot_table": [90.00000105055241, 8.596652640640174, 0.35503080829955624, 5.599990761318308, 3.203648981081978, 2.597405503706792, 5.384606279543564, 3.4349118910642273, 2.786164514056984, 5.790201396340444, 2.2927805886359724, 1.8898735895042587, 6.929577893824812, 4.084216786073103, 3.3007986268737954]}, {"fingertip_distance_table": [0.0, 122.83983296294276, 146.58464607625936, 153.91263608713894, 155.48230129338836, 122.83983296294276, 0.0, 29.16500491086356, 48.06310900692416, 70.56132967676173, 146.58464607625936, 29.16500491086356, 0.0, 22.60180123530505, 50.439545285011924, 153.91263608713894, 48.06310900692416, 22.60180123530505, 0.0, 30.014578827431638, 155.48230129338836, 70.56132967676173, 50.439545285011924, 30.014578827431638, 0.0], "finger_dot_table": [0.0, 68.76524756248885, 75.48488159481015, 75.25506153272327, 78.09819042909311, 68.76524756248885, 0.0, 6.72629865591968, 8.072242622416063, 10.382759218496586, 75.48488159481015, 6.72629865591968, 0.0, 4.587877159500083, 5.049253487618954, 75.25506153272327, 8.072242622416063, 4.587877159500083, 0.0, 2.8577888397417404, 78.09819042909311, 10.382759218496586, 5.049253487618954, 2.8577888397417404, 0.0], "finger_straight_table": [1.0, 1.0, 1.0, 1.0, 1.0], "bone_dot_table": [90.00000105055241, 10.237670484209561, 0.2898752377240998, 6.983885742563685, 3.417415066943444, 2.780279923788146, 5.855351521627696, 3.5904442305895485, 2.9156275818732285, 5.252192052168207, 2.5949424542720236, 2.13041806169696, 7.072432278558821, 4.396948387191845, 3.5342991894843356]}, {"fingertip_distance_table": [0.0, 124.53366081668841, 147.84106366873348, 154.8815037405413, 156.00628181105125, 124.53366081668841, 0.0, 28.426086535732768, 46.73802275647745, 69.02417711858038, 147.84106366873348, 28.426086535732768, 0.0, 22.074905972628734, 49.724372807900025, 154.8815037405413, 46.73802275647745, 22.074905972628734, 0.0, 29.726302444627873, 156.00628181105125, 69.02417711858038, 49.724372807900025, 29.726302444627873, 0.0], "finger_dot_table": [0.01624673244293445, 70.45734558135472, 76.60422532607393, 76.1598231403584, 78.53971179928097, 70.45734558135472, 0.012504730411243446, 6.164616895650352, 6.785385924703843, 8.711500225812177, 76.60422532607393, 6.164616895650352, 0.0, 4.23043387852138, 4.240869213294271, 76.1598231403584, 6.785385924703843, 4.23043387852138, 0.018500756635325532, 2.42265635263022, 78.53971179928097, 8.711500225812177, 4.240869213294271, 2.42265635263022, 0.0], "finger_straight_table": [1.0, 1.0, 1.0, 1.0, 1.0], "bone_dot_table": [90.00000105055241, 11.175265822169719, 0.16034110603028204, 8.252464065825157, 3.7091138351754545, 3.034462611246874, 6.227643061131987, 3.824691419910939, 3.114624810733998, 5.418308205050351, 2.747982279565795, 2.2574579457007964, 7.648473801796889, 4.6147593225948755, 3.708006456569157]}, {"fingertip_distance_table": [0.0, 125.54792887267925, 148.7103912390866, 155.48796079489773, 156.4916189106765, 125.54792887267925, 0.0, 28.141558842198137, 45.95041917912, 68.28142764378256, 148.7103912390866, 28.141558842198137, 0.0, 21.62741756457954, 49.34169009270698, 155.48796079489773, 45.95041917912, 21.62741756457954, 0.0, 29.737188004581043, 156.4916189106765, 68.28142764378256, 49.34169009270698, 29.737188004581043, 0.0], "finger_dot_table": [0.01643729696812586, 70.85336466522237, 76.69974945309852, 75.99633051977915, 78.2982486767176, 70.85336466522237, 0.019209681141460315, 5.891957769360104, 6.125650838314919, 7.97051383954181, 76.69974945309852, 5.891957769360104, 0.0052062644342164574, 4.175386649215627, 3.9655936034996984, 75.99633051977915, 6.125650838314919, 4.175386649215627, 0.015049399817584786, 2.356669440821618, 78.2982486767176, 7.97051383954181, 3.9655936034996984, 2.356669440821618, 0.0], "finger_straight_table": [1.0, 1.0, 1.0, 1.0, 1.0], "bone_dot_table": [90.00000105055241, 11.36855892653981, 1.8974282161507015, 9.012666800711742, 3.8536939895124758, 3.163640642571561, 6.669270361252111, 3.9769042340350276, 3.2503378752024967, 6.100396786141945, 2.935526990025237, 2.4199483955052687, 8.127525134690385, 4.766947837445327, 3.842677129616419]}, {"fingertip_distance_table": [0.0, 126.26800768917197, 149.4288358633436, 156.35336317264142, 157.07313012204546, 126.26800768917197, 0.0, 28.093338792970272, 46.068091464693914, 68.04816224819307, 149.4288358633436, 28.093338792970272, 0.0, 21.866178928989974, 49.200636259710365, 156.35336317264142, 46.068091464693914, 21.866178928989974, 0.0, 29.564724610516667, 157.07313012204546, 68.04816224819307, 49.200636259710365, 29.564724610516667, 0.0], "finger_dot_table": [0.0, 70.94276985848255, 76.67720444770268, 76.04514136610841, 78.08409050012128, 70.94276985848255, 0.01868894117548533, 5.784827176354899, 6.465050061477911, 7.949460822788496, 76.67720444770268, 5.784827176354899, 0.0, 4.838491166694124, 4.537045341258772, 76.04514136610841, 6.465050061477911, 4.838491166694124, 0.0, 2.1000352406364287, 78.08409050012128, 7.949460822788496, 4.537045341258772, 2.1000352406364287, 0.0068696853543902215], "finger_straight_table": [1.0, 1.0, 1.0, 1.0, 1.0], "bone_dot_table": [90.00000105055241, 10.833078237963448, 1.972525346434293, 9.403102161150901, 3.9314923536911155, 3.232974473634344, 7.065296454585412, 4.1144058236218095, 3.372107015878524, 6.938564987730271, 2.8970759809006297, 2.4012871711067447, 8.717738382646779, 4.867583934768068, 3.950014439682668]}, {"fingertip_distance_table": [0.0, 127.602922261529, 150.94064513910922, 157.9927163026138, 158.40410611941994, 127.602922261529, 0.0, 28.3579273914837, 46.58431855476209, 68.23944919159015, 150.94064513910922, 28.3579273914837, 0.0, 22.082374316772352, 49.165668888232574, 157.9927163026138, 46.58431855476209, 22.082374316772352, 0.0, 29.435725770441763, 158.40410611941994, 68.23944919159015, 49.165668888232574, 29.435725770441763, 0.0], "finger_dot_table": [0.01084255832125366, 71.84939693296982, 77.69389216729591, 77.25574367052938, 79.1473912022249, 71.84939693296982, 0.006186875265170079, 5.855403289483432, 7.112505697892508, 8.366349437906107, 77.69389216729591, 5.855403289483432, 0.0195957207639968, 5.063173593527106, 4.734000551110759, 77.25574367052938, 7.112505697892508, 5.063173593527106, 0.01863355045283041, 1.9717325855990746, 79.1473912022249, 8.366349437906107, 4.734000551110759, 1.9717325855990746, 0.002746280517768667], "finger_straight_table": [1.0, 1.0, 1.0, 1.0, 1.0], "bone_dot_table": [90.00000105055241, 11.20232810809695, 2.284079235842063, 9.543615025980012, 3.937090769682761, 3.2395574381336547, 7.569714468928063, 4.0531279722124065, 3.331954917321558, 7.580124773770418, 2.853500790886214, 2.376052952752373, 9.010751148338242, 4.894380062271863, 3.99154824939754]}, {"fingertip_distance_table": [0.0, 128.6050357569193, 152.11693099113913, 159.4544033670345, 159.51787988641823, 128.6050357569193, 0.0, 28.627608755521543, 47.3726529619932, 68.65815357874472, 152.11693099113913, 28.627608755521543, 0.0, 22.49963154879313, 49.35214374404628, 159.4544033670345, 47.3726529619932, 22.49963154879313, 0.0, 29.257409416359884, 159.51787988641823, 68.65815357874472, 49.35214374404628, 29.257409416359884, 0.0], "finger_dot_table": [0.01685513319821786, 72.33424601958583, 78.32790677667238, 78.39552428869558, 80.09146702553532, 72.33424601958583, 0.0, 5.993936005529294, 7.822294540769192, 8.89637444909668, 78.32790677667238, 5.993936005529294, 0.014896383500247813, 4.9501697764409425, 4.694483134893708, 78.39552428869558, 7.822294540769192, 4.9501697764409425, 0.0, 1.803441036612812, 80.09146702553532, 8.89637444909668, 4.694483134893708, 1.803441036612812, 0.0], "finger_straight_table": [1.0, 1.0, 1.0, 1.0, 1.0], "bone_dot_table": [90.00000105055241, 11.580146153146968, 2.651291473623676, 9.70415370922842, 3.85355056843992, 3.1801105511344003, 8.104741642934805, 3.8984410643747363, 3.2209386585181705, 8.258704254926915, 2.666503619766353, 2.229835817847973, 9.379950740243132, 4.68976257574908, 3.8404476206370486]}, {"fingertip_distance_table": [0.0, 129.53044459880215, 153.0510956875855, 160.3528010834635, 160.13610865442536, 129.53044459880215, 0.0, 28.680256818403976, 47.32969077413157, 68.52442951044345, 153.0510956875855, 28.680256818403976, 0.0, 22.41320048507969, 49.232197449724595, 160.3528010834635, 47.32969077413157, 22.41320048507969, 0.0, 29.137171439419816, 160.13610865442536, 68.52442951044345, 49.232197449724595, 29.137171439419816, 0.0], "finger_dot_table": [0.0, 72.43331876876897, 78.52081040335482, 78.7505561618015, 80.24861550934986, 72.43331876876897, 0.008553852814810062, 6.1063881581285795, 7.450829992653988, 8.494392653236334, 78.52081040335482, 6.1063881581285795, 0.01638988561826134, 4.493500533987958, 4.22604273956462, 78.7505561618015, 7.450829992653988, 4.493500533987958, 0.0, 1.6299776949773659, 80.24861550934986, 8.494392653236334, 4.22604273956462, 1.6299776949773659, 0.0005879655956675644], "finger_straight_table": [1.0, 1.0, 1.0, 1.0, 1.0], "bone_dot_table": [90.00000105055241, 11.653048696123536, 4.137100250366127, 10.727525550239339, 3.970410759509489, 3.3059849723844277, 8.80411574801655, 3.8699491467086857, 3.216117197473982, 8.928118750101426, 2.721135083557059, 2.2843364833246076, 9.916855173744828, 4.665754085510986, 3.8325939586258926]}, {"fingertip_distance_table": [0.0, 131.46407025955543, 153.82287860163322, 160.39765120131747, 160.34169493142826, 131.46407025955543, 0.0, 27.461331083278417, 44.398969115738204, 66.5367038734563, 153.82287860163322, 27.461331083278417, 0.0, 21.271199899052906, 48.660899976063845, 160.39765120131747, 44.398969115738204, 21.271199899052906, 0.0, 29.444119118087254, 160.34169493142826, 66.5367038734563, 48.660899976063845, 29.444119118087254, 0.0], "finger_dot_table": [0.015912258785854685, 72.21051362950291, 77.07609777472749, 76.56707465443506, 78.25326226984038, 72.21051362950291, 0.01656166081304121, 5.929907656345362, 4.550083355328866, 6.194754066600439, 77.07609777472749, 5.929907656345362, 0.008395058383823059, 4.778587406616521, 4.955593528041683, 76.56707465443506, 4.550083355328866, 4.778587406616521, 0.0, 1.686861385174887, 78.25326226984038, 6.194754066600439, 4.955593528041683, 1.686861385174887, 0.015439939897965486], "finger_straight_table": [1.0, 1.0, 1.0, 1.0, 1.0], "bone_dot_table": [90.00000105055241, 9.895188196209745, 6.941213270295439, 12.951236518177756, 4.9557452181076656, 4.180764918454754, 8.46616904890669, 4.673526965914755, 3.877730798430654, 9.188903308724592, 3.3734104090525436, 2.8257769349036908, 11.034002227156655, 5.039423036394064, 4.141368189216268]}, {"fingertip_distance_table": [0.0, 130.54804322121524, 151.15720047518673, 157.46308656947946, 157.19954976967512, 130.54804322121524, 0.0, 26.0063540392623, 41.94905920285754, 63.55429509600705, 151.15720047518673, 26.0063540392623, 0.0, 20.383325159818547, 47.41961953620475, 157.46308656947946, 41.94905920285754, 20.383325159818547, 0.0, 28.55719317241583, 157.19954976967512, 63.55429509600705, 47.41961953620475, 28.55719317241583, 0.0], "finger_dot_table": [0.0, 70.61319086822222, 73.51532403136187, 72.68405781044855, 73.26455853813567, 70.61319086822222, 0.0107769351958391, 6.870542379623881, 3.5450815000298808, 2.893630218240089, 73.51532403136187, 6.870542379623881, 0.0, 3.4644447637353135, 5.1113467855557095, 72.68405781044855, 3.5450815000298808, 3.4644447637353135, 0.013806435626367075, 1.8277438651677977, 73.26455853813567, 2.893630218240089, 5.1113467855557095, 1.8277438651677977, 0.004200074573230411], "finger_straight_table": [1.0, 1.0, 1.0, 1.0, 1.0], "bone_dot_table": [90.00000105055241, 7.245447450394887, 6.382045280225042, 13.28234064458224, 6.215113467766519, 5.220629088571609, 6.831510788018321, 6.857723353788843, 5.610748845226534, 6.111406571322444, 5.5271223595910755, 4.529785012662822, 10.937588594926746, 6.578866167209286, 5.3068714227054175]}, {"fingertip_distance_table": [0.0, 129.44742231907756, 149.3813986157194, 156.12291352790695, 155.8705026587697, 129.44742231907756, 0.0, 25.22941149773739, 41.60743048354675, 62.8321326681129, 149.3813986157194, 25.22941149773739, 0.0, 20.688926789768484, 47.281553236017004, 156.12291352790695, 41.60743048354675, 20.688926789768484, 0.0, 28.153459323943657, 155.8705026587697, 62.8321326681129, 47.281553236017004, 28.153459323943657, 0.0], "finger_dot_table": [0.0, 69.60229030081626, 71.62741871875812, 71.1494471604812, 71.3567077619536, 69.60229030081626, 0.0, 6.584863784234927, 3.6808389088563933, 2.524231934826033, 71.62741871875812, 6.584863784234927, 0.018406773920480093, 2.9737332107516736, 4.481458159274911, 71.1494471604812, 3.6808389088563933, 2.9737332107516736, 0.0, 1.5482092190296688, 71.3567077619536, 2.524231934826033, 4.481458159274911, 1.5482092190296688, 0.0], "finger_straight_table": [1.0, 1.0, 1.0, 1.0, 1.0], "bone_dot_table": [90.00000105055241, 5.689013978631749, 6.146567993990285, 12.852780087812294, 7.191128179621915, 5.981314694803439, 6.298598845293991, 7.668806152209337, 6.2125025470430515, 3.9988045872844675, 6.4212425524469925, 5.203973500564811, 9.70609118464746, 7.437228108621589, 5.924856428831158]}, {"fingertip_distance_table": [0.0, 129.30394960226988, 149.191812896874, 156.17901769693543, 155.94502945712077, 129.30394960226988, 0.0, 24.831979492478858, 41.58818946956856, 62.74672392772791, 149.191812896874, 24.831979492478858, 0.0, 20.882524676137116, 47.32175687424803, 156.17901769693543, 41.58818946956856, 20.882524676137116, 0.0, 28.06959432513232, 155.94502945712077, 62.74672392772791, 47.32175687424803, 28.06959432513232, 0.0], "finger_dot_table": [0.0, 69.65484204549588, 71.46542378631088, 71.1693613539825, 71.32157933988879, 69.65484204549588, 0.010923821386500698, 5.7136659473222355, 3.093610771672516, 2.518613698483888, 71.46542378631088, 5.7136659473222355, 0.014107119384018846, 2.7480382762426467, 3.551206309635654, 71.1693613539825, 3.093610771672516, 2.7480382762426467, 0.0, 0.8284180305003246, 71.32157933988879, 2.518613698483888, 3.551206309635654, 0.8284180305003246, 0.0], "finger_straight_table": [1.0, 1.0, 1.0, 1.0, 1.0], "bone_dot_table": [90.00000105055241, 4.920915998556494, 5.80613471862886, 12.387553653376742, 7.633516124020801, 6.285972032683933, 6.466756953625137, 7.791037083491184, 6.269012743411979, 2.681514928767425, 6.7069628583982706, 5.4006370940659325, 8.712199673087566, 7.87905990577041, 6.221104740256673]}, {"fingertip_distance_table": [0.0, 129.52527733085083, 149.20723059949256, 156.09119640423464, 156.16920964857667, 129.52527733085083, 0.0, 24.766223759725836, 41.68858716388649, 62.81350496704588, 149.20723059949256, 24.766223759725836, 0.0, 20.85920191308986, 47.319178335368015, 156.09119640423464, 41.68858716388649, 20.85920191308986, 0.0, 27.881763019972645, 156.16920964857667, 62.81350496704588, 47.319178335368015, 27.881763019972645, 0.0], "finger_dot_table": [0.01189320749831878, 70.08791781775682, 71.74087503497319, 71.46100659677171, 71.72161964765503, 70.08791781775682, 0.0, 6.081432866203103, 4.560566537360572, 3.5043918261997233, 71.74087503497319, 6.081432866203103, 0.0, 1.5320737713623576, 2.7657089049529193, 71.46100659677171, 4.560566537360572, 1.5320737713623576, 0.018239073256227537, 1.2840276309343768, 71.72161964765503, 3.5043918261997233, 2.7657089049529193, 1.2840276309343768, 0.0], "finger_straight_table": [1.0, 1.0, 1.0, 1.0, 1.0], "bone_dot_table": [90.00000105055241, 4.64012618887511, 5.952447338433151, 12.472906332175935, 7.829047024547828, 6.412315166324422, 6.971407320962487, 8.149094341416806, 6.512318964570917, 1.8454000182085761, 7.213415683670663, 5.736589655489241, 8.175961893387644, 8.09543115529264, 6.324709491588558]}, {"fingertip_distance_table": [0.0, 127.29958247439882, 146.04577151112076, 152.66415935779466, 153.3925588209417, 127.29958247439882, 0.0, 24.056383923702956, 40.67822894217833, 61.42197650924139, 146.04577151112076, 24.056383923702956, 0.0, 20.49727813914821, 46.592802911099945, 152.66415935779466, 40.67822894217833, 20.49727813914821, 0.0, 27.33820725579808, 153.3925588209417, 61.42197650924139, 46.592802911099945, 27.33820725579808, 0.0], "finger_dot_table": [0.0, 67.59268416928577, 68.28292452501083, 67.64353139984047, 67.67999968344148, 67.59268416928577, 0.013662553293765112, 6.7098983593932555, 6.189748548016461, 3.4255067011794056, 68.28292452501083, 6.7098983593932555, 0.015404140015805196, 0.794143433272313, 3.299591215973233, 67.64353139984047, 6.189748548016461, 0.794143433272313, 0.0, 2.7670630119827426, 67.67999968344148, 3.4255067011794056, 3.299591215973233, 2.7670630119827426, 0.0], "finger_straight_table": [1.0, 1.0, 1.0, 1.0, 1.0], "bone_dot_table": [90.00000105055241, 1.0795991621733652, 4.072534769090336, 12.742910766140538, 8.541153825821636, 6.900620943464509, 8.197237903394464, 9.156405144407326, 7.1955462390607146, 4.975747156946609, 8.291190815078824, 6.446789959508177, 9.502894920959676, 8.50716548145853, 6.530334922758748]}, {"fingertip_distance_table": [0.0, 122.1645796667227, 139.69525505481954, 146.66421546309914, 147.55765784266666, 122.1645796667227, 0.0, 23.903107828856076, 40.88026843735796, 60.036885911251126, 139.69525505481954, 23.903107828856076, 0.0, 20.784978016090427, 45.45159606734286, 146.66421546309914, 40.88026843735796, 20.784978016090427, 0.0, 26.11010901107647, 147.55765784266666, 60.036885911251126, 45.45159606734286, 26.11010901107647, 0.0], "finger_dot_table": [0.0, 64.36117806178065, 64.33884414493619, 63.89238388310756, 62.74468365856113, 64.36117806178065, 0.017687865354115186, 8.503487919375958, 8.479743264986713, 4.438376821150226, 64.33884414493619, 8.503487919375958, 0.00962105362913105, 0.44710663704471465, 4.597934673042865, 63.89238388310756, 8.479743264986713, 0.44710663704471465, 0.014452229539123958, 4.4350201182158235, 62.74468365856113, 4.438376821150226, 4.597934673042865, 4.4350201182158235, 0.007735669917341577], "finger_straight_table": [1.0, 1.0, 0.0, 1.0, 1.0], "bone_dot_table": [90.00000105055241, 2.4192245711712714, 12.823371300336063, 13.29828014914686, 9.282896771115587, 7.412855313203146, 10.24021196022138, 10.895304217142753, 8.418973016115547, 8.51826608028058, 9.60737717180775, 7.31586063627455, 11.564811767383137, 9.249101495247462, 6.976269976402947]}, {"fingertip_distance_table": [0.0, 118.64736211586208, 135.2956417326528, 142.59095905798685, 143.37490420888204, 118.64736211586208, 0.0, 23.091480669900456, 39.93866876194362, 58.16178461557847, 135.2956417326528, 23.091480669900456, 0.0, 20.666279594768437, 44.35813464607548, 142.59095905798685, 39.93866876194362, 20.666279594768437, 0.0, 25.246639517992893, 143.37490420888204, 58.16178461557847, 44.35813464607548, 25.246639517992893, 0.0], "finger_dot_table": [0.0, 62.82737071062207, 62.076430561162944, 61.53681943194696, 59.389161920496505, 62.82737071062207, 0.003979834556859246, 8.568649827131456, 8.108256016356922, 4.5086379983008325, 62.076430561162944, 8.568649827131456, 0.0, 0.7411121213804192, 6.114102653921563, 61.53681943194696, 8.108256016356922, 0.7411121213804192, 0.0, 5.4199920696377735, 59.389161920496505, 4.5086379983008325, 6.114102653921563, 5.4199920696377735, 0.0], "finger_straight_table": [1.0, 0.0, 0.0, 0.0, 0.0], "bone_dot_table": [90.00000105055241, 4.847538686909027, 24.298215162658483, 14.490766361189136, 10.924329715399546, 8.594522954032666, 12.341113026161354, 12.617767555089017, 9.612639041756287, 10.468822548743729, 11.342109788741903, 8.541110252686329, 13.035652763244974, 10.52140352764684, 7.848644255587548]}, {"fingertip_distance_table": [0.0, 117.18321694570189, 133.10276918547498, 139.8689860445479, 141.40142728552942, 117.18321694570189, 0.0, 22.45411584047532, 39.175028594286346, 56.66863964323367, 133.10276918547498, 22.45411584047532, 0.0, 20.446701251674146, 43.5102459226156, 139.8689860445479, 39.175028594286346, 20.446701251674146, 0.0, 24.736578394929914, 141.40142728552942, 56.66863964323367, 43.5102459226156, 24.736578394929914, 0.0], "finger_dot_table": [0.0, 62.057205065178934, 60.70153360475872, 59.772823253757934, 57.04907265554633, 62.057205065178934, 0.0, 8.891964743278074, 9.773552628053382, 5.481878704494906, 60.70153360475872, 8.891964743278074, 0.01908009796052192, 1.1942362673314184, 7.329299891976279, 59.772823253757934, 9.773552628053382, 1.1942362673314184, 0.01643102346328446, 7.567131914923726, 57.04907265554633, 5.481878704494906, 7.329299891976279, 7.567131914923726, 0.0], "finger_straight_table": [1.0, 0.0, 0.0, 0.0, 0.0], "bone_dot_table": [90.00000105055241, 6.699091269075021, 26.339915743715306, 15.599237262428515, 12.811821422526315, 9.98395295789401, 13.989719847000977, 14.505371942788605, 10.931911723536286, 13.111268845117849, 13.685260414379169, 10.144605999544984, 14.197505967872972, 12.003209988232358, 8.879355032580971]}, {"fingertip_distance_table": [0.0, 112.92201588812536, 127.18155843726653, 133.07668558918996, 134.76265430741245, 112.92201588812536, 0.0, 21.975549385695032, 38.56303786955019, 54.364722807103846, 127.18155843726653, 21.975549385695032, 0.0, 20.313220877722916, 41.81645364131987, 133.07668558918996, 38.56303786955019, 20.313220877722916, 0.0, 23.499720226996246, 134.76265430741245, 54.364722807103846, 41.81645364131987, 23.499720226996246, 0.0], "finger_dot_table": [0.0, 58.474263118903146, 56.5790429169671, 55.18834848478424, 50.05224088801951, 58.474263118903146, 0.0, 10.74406687822324, 13.682828363346937, 9.759278545076482, 56.5790429169671, 10.74406687822324, 0.012496033032188764, 3.0979460372718495, 8.32489726889044, 55.18834848478424, 13.682828363346937, 3.0979460372718495, 0.016189522581809432, 9.318691393390958, 50.05224088801951, 9.759278545076482, 8.32489726889044, 9.318691393390958, 0.0], "finger_straight_table": [1.0, 0.0, 0.0, 0.0, 0.0], "bone_dot_table": [90.00000105055241, 9.891347789445762, 29.516302015658873, 16.239764779202847, 15.533347371334612, 11.98262889320476, 15.917563812115986, 18.128158700547583, 13.450728703964941, 16.14277280426246, 18.748380433378756, 13.631406566696143, 17.334244081516786, 16.496132175679616, 11.966771205584772]}, {"fingertip_distance_table": [0.0, 105.91595448825991, 119.26376286856068, 121.90710160062667, 123.06105387079029, 105.91595448825991, 0.0, 21.583072588271637, 37.61744258131884, 52.03306154192322, 119.26376286856068, 21.583072588271637, 0.0, 19.936180947140997, 39.77161580256075, 121.90710160062667, 37.61744258131884, 19.936180947140997, 0.0, 22.274569669909592, 123.06105387079029, 52.03306154192322, 39.77161580256075, 22.274569669909592, 0.0], "finger_dot_table": [0.0160867842974399, 54.19834887906046, 52.56555628496616, 50.48116336779936, 42.49922329751547, 54.19834887906046, 0.019402531442288384, 10.469773558180782, 17.827560893394526, 17.62189332494379, 52.56555628496616, 10.469773558180782, 0.0, 7.487363080612527, 10.684327425673883, 50.48116336779936, 17.827560893394526, 7.487363080612527, 0.013265440014070241, 8.569671067169468, 42.49922329751547, 17.62189332494379, 10.684327425673883, 8.569671067169468, 0.010925693158810522], "finger_straight_table": [1.0, 0.0, 0.0, 0.0, 0.0], "bone_dot_table": [90.00000105055241, 12.091176500175134, 32.8357727650662, 17.52440503621318, 19.11947907258573, 14.44422177250823, 19.646277914751796, 20.477619053808198, 14.79761773382818, 23.604238520318987, 21.974787187139057, 15.219488043580156, 26.333550395889556, 21.62404896382449, 14.788508088978542]}, {"fingertip_distance_table": [0.0, 98.42464359412689, 111.49355229563265, 110.65636451087141, 113.47474394913323, 98.42464359412689, 0.0, 20.467032849873327, 40.88725607885813, 51.347237807610156, 111.49355229563265, 20.467032849873327, 0.0, 25.5948883005687, 39.721383991120454, 110.65636451087141, 40.88725607885813, 25.5948883005687, 0.0, 20.90215324032558, 113.47474394913323, 51.347237807610156, 39.721383991120454, 20.90215324032558, 0.0], "finger_dot_table": [0.0, 49.01692767793017, 47.55886615041626, 49.158787947344585, 37.864890334501005, 49.01692767793017, 0.0, 9.716502836288047, 23.98680912916545, 21.040928935748546, 47.55886615041626, 9.716502836288047, 0.0, 14.28671700166774, 13.23382785345456, 49.158787947344585, 23.98680912916545, 14.28671700166774, 0.0057792084493776255, 11.939821869408, 37.864890334501005, 21.040928935748546, 13.23382785345456, 11.939821869408, 0.02078693204894435], "finger_straight_table": [0.0, 0.0, 0.0, 0.0, 0.0], "bone_dot_table": [90.00000105055241, 15.233811031799084, 36.58795041006243, 18.605007453221873, 22.09652511149302, 16.460576901547288, 20.065751499040726, 24.328494812166973, 17.525701636712398, 31.480411800544207, 25.756433723627154, 16.933856865011457, 31.407192143505615, 24.624229942299834, 16.278063229603998]}, {"fingertip_distance_table": [0.0, 85.94835935323404, 97.72118133607594, 97.89384761865405, 101.91092627418118, 85.94835935323404, 0.0, 19.43505200590076, 39.57437758880222, 49.71521537049145, 97.72118133607594, 19.43505200590076, 0.0, 24.48955646363016, 38.16461294795243, 97.89384761865405, 39.57437758880222, 24.48955646363016, 0.0, 20.859647362448456, 101.91092627418118, 49.71521537049145, 38.16461294795243, 20.859647362448456, 0.0], "finger_dot_table": [0.01576930972607857, 40.82161302894982, 40.15698844182777, 42.90344454906319, 30.184609365664734, 40.82161302894982, 0.0, 9.723939732412756, 20.234626431105823, 18.568141397463673, 40.15698844182777, 9.723939732412756, 0.005370833229282657, 10.552984655596875, 11.987298124841292, 42.90344454906319, 20.234626431105823, 10.552984655596875, 0.021642797663480567, 12.906719896334604, 30.184609365664734, 18.568141397463673, 11.987298124841292, 12.906719896334604, 0.006505688037252879], "finger_straight_table": [0.0, 0.0, 0.0, 0.0, 0.0], "bone_dot_table": [90.00000105055241, 18.302472286456997, 39.22448307170619, 18.67709624025417, 28.044143097115136, 20.8064270825235, 19.841979087602105, 30.633018576041355, 22.0723603381784, 33.157551174025585, 26.548888222371172, 17.25678530327889, 32.404388325996514, 25.12000437450225, 16.51430210081674]}, {"fingertip_distance_table": [0.0, 74.54505704132754, 85.065718067332, 85.84385363254133, 90.06626546362718, 74.54505704132754, 0.0, 18.79687307590363, 38.44958067162454, 48.3774623704465, 85.065718067332, 18.79687307590363, 0.0, 23.293501872388923, 36.8068423892171, 85.84385363254133, 38.44958067162454, 23.293501872388923, 0.0, 20.66839589881805, 90.06626546362718, 48.3774623704465, 36.8068423892171, 20.66839589881805, 0.0], "finger_dot_table": [0.0, 33.44398715114812, 34.35564034298844, 37.30535131451985, 24.07610861047668, 33.44398715114812, 0.010832582124462241, 9.28115886383955, 16.302604058009425, 17.409942726774428, 34.35564034298844, 9.28115886383955, 0.021489897283527397, 7.057490754719004, 12.435775142800617, 37.30535131451985, 16.302604058009425, 7.057490754719004, 0.0036901953282286555, 13.351205051526243, 24.07610861047668, 17.409942726774428, 12.435775142800617, 13.351205051526243, 0.0], "finger_straight_table": [0.0, 0.0, 0.0, 0.0, 0.0], "bone_dot_table": [90.00000105055241, 23.051553447099096, 45.928322019420584, 18.73755643652494, 33.26714057380803, 24.615979408940518, 19.78308806218498, 35.42220627826911, 25.518413391834258, 33.88277331805299, 27.013638276561284, 17.474632736362736, 32.99998184668114, 25.51560441394409, 16.717524916975954]}, {"fingertip_distance_table": [0.0, 69.07475839100776, 79.03762185715252, 80.80827405869512, 84.94162183171933, 69.07475839100776, 0.0, 18.00182305360851, 37.62259861202897, 47.43741770483612, 79.03762185715252, 18.00182305360851, 0.0, 22.74917155049307, 36.07739532477158, 80.80827405869512, 37.62259861202897, 22.74917155049307, 0.0, 20.516406832256017, 84.94162183171933, 47.43741770483612, 36.07739532477158, 20.516406832256017, 0.0], "finger_dot_table": [0.01397714955159343, 32.36265546575867, 33.72893686113245, 35.49610024395064, 22.592953086556573, 32.36265546575867, 0.0, 8.920179351324306, 13.195591497084097, 17.239783553523235, 33.72893686113245, 8.920179351324306, 0.005611256908926825, 4.290856130080771, 13.20643615799931, 35.49610024395064, 13.195591497084097, 4.290856130080771, 0.0, 13.513266190492017, 22.592953086556573, 17.239783553523235, 13.20643615799931, 13.513266190492017, 0.0], "finger_straight_table": [0.0, 0.0, 0.0, 0.0, 0.0], "bone_dot_table": [90.00000105055241, 25.222295637665173, 49.69971751461249, 18.871974724229336, 37.46406410908024, 27.700243896414733, 19.26257415760827, 39.2228914416289, 28.343344995337457, 34.07975064581156, 27.268223931373814, 17.62197426598907, 33.07881997399464, 25.674577306696527, 16.80729537108591]}, {"fingertip_distance_table": [0.0, 66.88520928612107, 76.60167343401154, 79.28669347972401, 83.73393057345295, 66.88520928612107, 0.0, 17.49752631897525, 37.32573682073844, 46.77363293064698, 76.60167343401154, 17.49752631897525, 0.0, 22.561811662760924, 35.32791052928021, 79.28669347972401, 37.32573682073844, 22.561811662760924, 0.0, 20.45358190394456, 83.73393057345295, 46.77363293064698, 35.32791052928021, 20.45358190394456, 0.0], "finger_dot_table": [0.0, 34.24887829724595, 35.65920333149004, 36.03082495472482, 22.954091422888055, 34.24887829724595, 0.0, 9.167246518222095, 11.87899450635219, 17.74090983619267, 35.65920333149004, 9.167246518222095, 0.0, 2.740008858864848, 14.251869367020086, 36.03082495472482, 11.87899450635219, 2.740008858864848, 0.0, 13.754912487318082, 22.954091422888055, 17.74090983619267, 14.251869367020086, 13.754912487318082, 0.019288164257699095], "finger_straight_table": [0.0, 0.0, 0.0, 0.0, 0.0], "bone_dot_table": [90.00000105055241, 24.787092072557172, 49.511989922590125, 18.63301600489602, 41.14697768820451, 30.547107099205547, 18.46440865940579, 42.97876789618466, 31.239810122460206, 34.50819385267516, 27.787847574943076, 17.908059057805076, 33.18778121315147, 26.058483439953843, 17.03903612433127]}, {"fingertip_distance_table": [0.0, 66.57819153423571, 77.2240313892003, 81.27377427100214, 86.25091703386029, 66.57819153423571, 0.0, 17.113213846445547, 36.74954980780885, 45.90018141786841, 77.2240313892003, 17.113213846445547, 0.0, 22.27175985615046, 34.412251360268506, 81.27377427100214, 36.74954980780885, 22.27175985615046, 0.0, 20.45775565407443, 86.25091703386029, 45.90018141786841, 34.412251360268506, 20.45775565407443, 0.0], "finger_dot_table": [0.018619114416152344, 38.9377363669894, 38.91988305345083, 37.58013340454694, 24.00913685663434, 38.9377363669894, 0.0073856141100268015, 8.865430768722732, 10.544373748584956, 18.871783309746178, 38.91988305345083, 8.865430768722732, 0.0, 2.1889168916933492, 15.549599185596666, 37.58013340454694, 10.544373748584956, 2.1889168916933492, 0.016454089961569062, 13.886789972409371, 24.00913685663434, 18.871783309746178, 15.549599185596666, 13.886789972409371, 0.0067653092437475], "finger_straight_table": [0.0, 0.0, 0.0, 0.0, 0.0], "bone_dot_table": [90.00000105055241, 22.314704981326027, 42.23018437594354, 18.13129198179536, 45.99993885728462, 34.41257071977484, 17.052045020130375, 47.214464617458354, 34.694695814534164, 34.425115286842676, 28.534545326065928, 18.401753681576693, 32.97896876888681, 26.63101829147104, 17.438199380656105]}, {"fingertip_distance_table": [0.0, 66.7857383652892, 77.71127555083262, 82.38265393260268, 87.61670594773581, 66.7857383652892, 0.0, 16.790820332594883, 36.44565298278837, 45.363887308263585, 77.71127555083262, 16.790820332594883, 0.0, 22.167496920866242, 33.673317037984845, 82.38265393260268, 36.44565298278837, 22.167496920866242, 0.0, 20.512204148575776, 87.61670594773581, 45.363887308263585, 33.673317037984845, 20.512204148575776, 0.0], "finger_dot_table": [0.0, 41.62280914314451, 41.132443183077314, 38.62649766084576, 24.91989186719734, 41.62280914314451, 0.011698393323433079, 9.055815743761157, 10.334787463438452, 19.795224785173357, 41.132443183077314, 9.055815743761157, 0.0, 2.728864737816917, 16.554062929433936, 38.62649766084576, 10.334787463438452, 2.728864737816917, 0.0, 13.912471022919595, 24.91989186719734, 19.795224785173357, 16.554062929433936, 13.912471022919595, 0.0], "finger_straight_table": [0.0, 0.0, 0.0, 0.0, 0.0], "bone_dot_table": [90.00000105055241, 21.42363433417284, 39.90478961656718, 17.449448370423813, 49.50772513544205, 37.35104325894724, 15.446545601141043, 51.0106807278138, 37.92058774644318, 34.10393003749857, 29.47387079287424, 19.04703932758762, 32.70951616691912, 27.523522875411842, 18.06748264961327]}, {"fingertip_distance_table": [0.0, 66.35217430001181, 77.3396685562623, 82.30444568538546, 87.67563647181233, 66.35217430001181, 0.0, 16.4845979687585, 35.93300452949622, 44.63969943573307, 77.3396685562623, 16.4845979687585, 0.0, 21.871170813117008, 32.86124070225487, 82.30444568538546, 35.93300452949622, 21.871170813117008, 0.0, 20.645456784460475, 87.67563647181233, 44.63969943573307, 32.86124070225487, 20.645456784460475, 0.0], "finger_dot_table": [0.009507549231736426, 43.54383591371266, 42.753699301553056, 39.046348383216234, 25.337421891964418, 43.54383591371266, 0.012725926115703673, 9.225881504657481, 10.43594145921374, 20.953138437999854, 42.753699301553056, 9.225881504657481, 0.01541704502420342, 3.7489581635984526, 17.67450995368503, 39.046348383216234, 10.43594145921374, 3.7489581635984526, 0.017378514078753834, 13.925706441069826, 25.337421891964418, 20.953138437999854, 17.67450995368503, 13.925706441069826, 0.010518691872512113], "finger_straight_table": [0.0, 0.0, 0.0, 0.0, 0.0], "bone_dot_table": [90.00000105055241, 21.13669369056415, 40.01090791507075, 16.85111019278725, 52.777003743061364, 40.11689023226138, 14.054527113974236, 54.38739024520225, 40.81746722712843, 33.667432066402114, 30.372931192097887, 19.679623134010704, 32.40681771835406, 28.58976398173353, 18.835917074818024]}, {"fingertip_distance_table": [0.0, 65.75466446725251, 76.71954093362707, 81.484897032823, 86.99608135554891, 65.75466446725251, 0.0, 16.44025635498576, 35.57376115543178, 44.068240336529826, 76.71954093362707, 16.44025635498576, 0.0, 21.583308295813783, 32.33544800077988, 81.484897032823, 35.57376115543178, 21.583308295813783, 0.0, 20.63086784282844, 86.99608135554891, 44.068240336529826, 32.33544800077988, 20.63086784282844, 0.0], "finger_dot_table": [0.0, 44.60437826679367, 43.74904915663361, 39.91900094900388, 26.12958823562713, 44.60437826679367, 0.014559140927445566, 9.288978855384745, 10.89291640467098, 21.641317929714425, 43.74904915663361, 9.288978855384745, 0.012891169627147227, 3.938056938526476, 18.02925796802328, 39.91900094900388, 10.89291640467098, 3.938056938526476, 0.003717515995856218, 14.098747925389702, 26.12958823562713, 21.641317929714425, 18.02925796802328, 14.098747925389702, 0.022052505434404845], "finger_straight_table": [0.0, 0.0, 0.0, 0.0, 0.0], "bone_dot_table": [90.00000105055241, 21.19630622146702, 39.844216407037415, 16.623310841216597, 54.565159805547005, 41.56776617763455, 13.86141755416337, 55.827651081837296, 41.93460465207824, 33.43886196973595, 31.894854897856145, 20.69221289072724, 32.33888379939517, 30.1624482050326, 19.91540727091061]}, {"fingertip_distance_table": [0.0, 65.04195291338962, 75.88165326808273, 80.83567667566219, 86.25068180955168, 65.04195291338962, 0.0, 16.33946255304989, 35.70152108473432, 43.79208683417558, 75.88165326808273, 16.33946255304989, 0.0, 21.773859856