[{"fingertip_distance_table": [0.0, 51.02010053600604, 61.681993926259025, 75.14307896374315, 85.37396918788788, 51.02010053600604, 0.0, 29.19000669419005, 52.605359606405905, 77.45658519155812, 61.681993926259025, 29.19000669419005, 0.0, 25.814347586780855, 53.75531052437426, 75.14307896374315, 52.605359606405905, 25.814347586780855, 0.0, 29.923634110857613, 85.37396918788788, 77.45658519155812, 53.75531052437426, 29.923634110857613, 0.0], "finger_dot_table": [0.013257198323916846, 18.205683824029798, 27.125856137981426, 25.907219812032398, 30.0212634078812, 18.205683824029798, 0.01590485611312294, 9.029305962901852, 9.749348893514815, 14.336090805684904, 27.125856137981426, 9.029305962901852, 0.017106419157899563, 5.702727915745266, 8.535197209345334, 25.907219812032398, 9.749348893514815, 5.702727915745266, 0.008837823319645874, 4.59011860686787, 30.0212634078812, 14.336090805684904, 8.535197209345334, 4.59011860686787, 0.0], "finger_straight_table": [1.0, 0.0, 0.0, 0.0, 0.0], "bone_dot_table": [90.00000105055241, 0.434833853900597, 6.259490907840312, 29.58885985764141, 12.563169023845587, 8.371595863159705, 34.38476549318719, 16.04832558629536, 10.444292818407627, 30.955918828718723, 15.390750402630754, 10.232797313151925, 35.43994105663158, 16.139745482526546, 10.687374287646172]}, {"fingertip_distance_table": [0.0, 47.22151184821623, 84.07806646231315, 105.45891704824189, 113.9915512768319, 47.22151184821623, 0.0, 41.611334262729635, 71.16149392518173, 92.41358368071701, 84.07806646231315, 41.611334262729635, 0.0, 33.946631143120946, 65.6466593351361, 105.45891704824189, 71.16149392518173, 33.946631143120946, 0.0, 38.01825850707143, 113.9915512768319, 92.41358368071701, 65.6466593351361, 38.01825850707143, 0.0], "finger_dot_table": [0.011821194490412421, 32.57376126593718, 27.109337286891297, 36.36414962668431, 49.01861862758619, 32.57376126593718, 0.0, 22.61072569734698, 38.57953793271165, 40.19121115485361, 27.109337286891297, 22.61072569734698, 0.017718424081534304, 16.332443046335516, 23.33227653590874, 36.36414962668431, 38.57953793271165, 16.332443046335516, 0.0, 15.168130797152992, 49.01861862758619, 40.19121115485361, 23.33227653590874, 15.168130797152992, 0.005393224732706985], "finger_straight_table": [1.0, 0.0, 0.0, 1.0, 1.0], "bone_dot_table": [90.00000105055241, 1.0435223826228932, 13.157600220219095, 38.52494746335541, 15.030163131092962, 9.410718970496891, 22.797845843734994, 12.014232496343794, 8.489793448708376, 16.031672956825645, 6.992084399488228, 5.212894979707174, 27.62167695038738, 7.767789205023, 5.706013436433447]}, {"fingertip_distance_table": [0.0, 64.81174578715127, 87.37633227632733, 104.1896814125026, 111.64480970955051, 64.81174578715127, 0.0, 35.91421896465751, 62.83289754291786, 90.28981886941857, 87.37633227632733, 35.91421896465751, 0.0, 29.829229531735123, 62.07670151958636, 104.1896814125026, 62.83289754291786, 29.829229531735123, 0.0, 36.92852638279273, 111.64480970955051, 90.28981886941857, 62.07670151958636, 36.92852638279273, 0.0], "finger_dot_table": [0.005046402804954909, 13.590060411965204, 25.443368298497802, 33.38220520136975, 44.152175843559306, 13.590060411965204, 0.0, 12.197491759965162, 22.173283727109375, 31.139492377211443, 25.443368298497802, 12.197491759965162, 0.012649841741016948, 12.068228507312584, 18.944976331044334, 33.38220520136975, 22.173283727109375, 12.068228507312584, 0.009583105429403842, 13.573924861790367, 44.152175843559306, 31.139492377211443, 18.944976331044334, 13.573924861790367, 0.0], "finger_straight_table": [1.0, 1.0, 1.0, 1.0, 1.0], "bone_dot_table": [90.00000105055241, 1.4650070474055983, 11.812341744961515, 19.590781381655102, 8.497292168967881, 5.983240162070723, 19.263373772788206, 9.595480475773563, 6.936649893113308, 12.98822102673073, 5.899924324258652, 4.4290100133992585, 22.85976586982665, 6.548385102559974, 4.811056670368265]}, {"fingertip_distance_table": [0.0, 85.19252372723427, 90.22931482921071, 61.17602060871299, 61.971412521178976, 85.19252372723427, 0.0, 43.88335629320293, 74.42629721407191, 89.038082973773, 90.22931482921071, 43.88335629320293, 0.0, 48.61483083606538, 62.920583698311376, 61.17602060871299, 74.42629721407191, 48.61483083606538, 0.0, 23.902805029733855, 61.971412521178976, 89.038082973773, 62.920583698311376, 23.902805029733855, 0.0], "finger_dot_table": [0.0, 32.52123643826298, 21.18472590385935, 16.224745580192383, 17.589550913777472, 32.52123643826298, 0.0, 20.490848650764423, 46.18549588639009, 45.98887113190804, 21.18472590385935, 20.490848650764423, 0.015601286708841686, 37.40902987932658, 38.66027769128, 16.224745580192383, 46.18549588639009, 37.40902987932658, 0.01584929231602778, 3.0016785662013206, 17.589550913777472, 45.98887113190804, 38.66027769128, 3.0016785662013206, 0.0], "finger_straight_table": [1.0, 1.0, 1.0, 0.0, 0.0], "bone_dot_table": [90.00000105055241, 9.813638701517517, 9.381413986450413, 4.138482346920906, 3.53483771877586, 2.8562338300981445, 9.44033715353723, 6.014465920974528, 4.793422569578418, 32.56370191965804, 12.785554125970377, 8.401516730518177, 35.6530383801622, 14.523723801728728, 9.320698012343462]}, {"fingertip_distance_table": [0.0, 87.91644284459471, 84.92049432298072, 39.326550605545506, 47.07106765059164, 87.91644284459471, 0.0, 49.364517173710524, 82.94001995154235, 91.50757713153725, 84.92049432298072, 49.364517173710524, 0.0, 60.21049062719091, 62.59027269551571, 39.326550605545506, 82.94001995154235, 60.21049062719091, 0.0, 23.810434589419053, 47.07106765059164, 91.50757713153725, 62.59027269551571, 23.810434589419053, 0.0], "finger_dot_table": [0.007819280151895444, 39.393305651436094, 17.569357787948366, 36.04898206523149, 28.682343154828875, 39.393305651436094, 0.009836973339432155, 26.18360529973589, 61.93699471804076, 53.119791322244396, 17.569357787948366, 26.18360529973589, 0.0, 51.60475142876817, 43.19758658878879, 36.04898206523149, 61.93699471804076, 51.60475142876817, 0.009236533648227345, 8.96596725163376, 28.682343154828875, 53.119791322244396, 43.19758658878879, 8.96596725163376, 0.0], "finger_straight_table": [1.0, 1.0, 1.0, 0.0, 0.0], "bone_dot_table": [90.00000105055241, 9.872038842577954, 5.799348846895072, 8.428164968846572, 3.54714069989796, 2.9372850801407324, 11.119112265337229, 7.055148486949706, 5.618827285120471, 44.896307236945326, 15.722310287068083, 9.39333272993765, 41.24290211667301, 15.00769161318516, 9.226863876125801]}, {"fingertip_distance_table": [0.0, 54.459209408857745, 66.02898437715909, 81.91120427560956, 93.05949614724037, 54.459209408857745, 0.0, 30.709083267833094, 56.09243816176166, 84.76853095702221, 66.02898437715909, 30.709083267833094, 0.0, 28.571118577146585, 59.89837899938583, 81.91120427560956, 56.09243816176166, 28.571118577146585, 0.0, 34.48077158804251, 93.05949614724037, 84.76853095702221, 59.89837899938583, 34.48077158804251, 0.0], "finger_dot_table": [0.0, 14.925592745558, 20.246180299371286, 13.690792733208966, 22.556696211731133, 14.925592745558, 0.015622182365135703, 7.542889200108705, 14.570660459597207, 25.273388377329194, 20.246180299371286, 7.542889200108705, 0.019107410872233613, 13.862787807157149, 22.729653781574626, 13.690792733208966, 14.570660459597207, 13.862787807157149, 0.019085098622028188, 10.967642630448383, 22.556696211731133, 25.273388377329194, 22.729653781574626, 10.967642630448383, 0.014130675066752451], "finger_straight_table": [1.0, 0.0, 0.0, 0.0, 0.0], "bone_dot_table": [90.00000105055241, 0.5898290979010089, 2.0067117742884704, 13.446340396328099, 24.36179839834602, 18.06313686200653, 13.416184950348454, 28.431512490616875, 21.12704006377534, 5.103397395606189, 24.201122750783437, 18.97551813255404, 8.369965454050098, 21.449381138667096, 16.884217098784607]}, {"fingertip_distance_table": [0.0, 19.832436228078272, 30.46641004015454, 55.004197941651775, 73.95475121043032, 19.832436228078272, 0.0, 12.398129724931131, 35.25497358980754, 54.86883845812957, 30.46641004015454, 12.398129724931131, 0.0, 27.93841713574905, 47.509780991948354, 55.004197941651775, 35.25497358980754, 27.93841713574905, 0.0, 22.507141577457578, 73.95475121043032, 54.86883845812957, 47.509780991948354, 22.507141577457578, 0.0], "finger_dot_table": [0.0, 90.63181926387293, 89.28284829260267, 57.81268411285985, 31.01350470914856, 90.63181926387293, 0.004330747242509114, 10.860582031819648, 33.52659858400626, 59.760057832988274, 89.28284829260267, 10.860582031819648, 0.0, 31.646131368510407, 59.60357493613288, 57.81268411285985, 33.52659858400626, 31.646131368510407, 0.008832003212493264, 28.076982569186086, 31.01350470914856, 59.760057832988274, 59.60357493613288, 28.076982569186086, 0.0], "finger_straight_table": [1.0, 0.0, 0.0, 0.0, 0.0], "bone_dot_table": [90.00000105055241, 1.15098963078436, 1.248642563290316, 43.531994510526644, 67.78854288883251, 39.4630090190277, 47.28716906679001, 64.6890750333859, 36.89008929899597, 29.93975115139951, 52.19323689234261, 33.89213643730628, 32.294070736074765, 26.568564934321337, 16.990144982270948]}, {"fingertip_distance_table": [0.0, 20.751056526634102, 30.881989858720875, 47.365525682869915, 60.805801234579945, 20.751056526634102, 0.0, 11.544579098663275, 26.671750967019136, 40.33376726448447, 30.881989858720875, 11.544579098663275, 0.0, 19.063645357761022, 33.167882533003436, 47.365525682869915, 26.671750967019136, 19.063645357761022, 0.0, 15.78442143067634, 60.805801234579945, 40.33376726448447, 33.167882533003436, 15.78442143067634, 0.0], "finger_dot_table": [0.0, 111.40086756845125, 103.67420459591955, 106.69444546825018, 97.96778487918262, 111.40086756845125, 0.012588786247697758, 11.618284384603049, 18.00661376288867, 30.428729670769403, 103.67420459591955, 11.618284384603049, 0.0, 9.462136928013333, 19.704409199542834, 106.69444546825018, 18.00661376288867, 9.462136928013333, 0.0011639825379158501, 13.032760708436426, 97.96778487918262, 30.428729670769403, 19.704409199542834, 13.032760708436426, 0.007024857274438651], "finger_straight_table": [1.0, 0.0, 0.0, 0.0, 0.0], "bone_dot_table": [90.00000105055241, 1.0742339168366297, 5.000796354795031, 54.08659668200161, 77.61165962669425, 42.95588396526418, 50.57840333000058, 75.23523891104618, 42.745144485186614, 57.00760436479885, 75.43995002306133, 40.738562496874934, 57.98131337050695, 73.65949791730907, 39.393776569281414]}, {"fingertip_distance_table": [0.0, 11.15943328435721, 25.801631460091354, 36.4996185407634, 48.08702046234822, 11.15943328435721, 0.0, 33.77344851793727, 41.61600610366303, 51.05724376254281, 25.801631460091354, 33.77344851793727, 0.0, 15.155509517196727, 30.466363598130098, 36.4996185407634, 41.61600610366303, 15.155509517196727, 0.0, 15.749362003677739, 48.08702046234822, 51.05724376254281, 30.466363598130098, 15.749362003677739, 0.0], "finger_dot_table": [0.013032897592853357, 86.74225483619573, 121.71845190106356, 118.9022121422802, 115.14671393008223, 86.74225483619573, 0.0, 35.46387253899937, 35.6394924094706, 39.74665269577032, 121.71845190106356, 35.46387253899937, 0.0, 8.944184901272386, 20.79952788627806, 118.9022121422802, 35.6394924094706, 8.944184901272386, 0.0, 11.877627070900687, 115.14671393008223, 39.74665269577032, 20.79952788627806, 11.877627070900687, 0.0], "finger_straight_table": [1.0, 0.0, 0.0, 0.0, 0.0], "bone_dot_table": [90.00000105055241, 14.090035383906637, 3.6633845479545157, 31.313686518372528, 76.50094553083986, 50.513329207540785, 67.08453975151956, 74.3140917003431, 36.827866377629924, 63.10940385233646, 76.37328019385899, 39.20508426130789, 63.83360252152443, 76.62530015662271, 39.06015679617327]}, {"fingertip_distance_table": [0.0, 22.34473723138566, 16.680752934389787, 27.565739010638215, 39.63717292440153, 22.34473723138566, 0.0, 38.0848521880625, 46.882401065881204, 55.0798703994023, 16.680752934389787, 38.0848521880625, 0.0, 15.415775624168408, 30.471619892516298, 27.565739010638215, 46.882401065881204, 15.415775624168408, 0.0, 15.650884302050931, 39.63717292440153, 55.0798703994023, 30.471619892516298, 15.650884302050931, 0.0], "finger_dot_table": [0.0, 74.38224064773567, 117.03369907752487, 116.99708536692916, 115.01440468515796, 74.38224064773567, 0.006590925542031424, 42.65149641719625, 43.58290155829153, 46.114597498184274, 117.03369907752487, 42.65149641719625, 0.0073243699953355135, 8.432166110949646, 20.230049841486718, 116.99708536692916, 43.58290155829153, 8.432166110949646, 0.0, 11.812274002694513, 115.01440468515796, 46.114597498184274, 20.230049841486718, 11.812274002694513, 0.011139580117889257], "finger_straight_table": [0.0, 0.0, 0.0, 0.0, 0.0], "bone_dot_table": [90.00000105055241, 15.349444357464296, 4.063560850276808, 24.216711595162003, 75.80713616827147, 52.590964105470434, 65.14944900119167, 75.5953035767374, 38.13668529434789, 63.66311188535943, 76.73228582245176, 39.20965469160306, 64.4741560566944, 76.91708798531184, 39.00314876809985]}, {"fingertip_distance_table": [0.0, 16.726869406005264, 5.849948799020772, 11.836503185075257, 29.206125253432138, 16.726869406005264, 0.0, 12.659624686853736, 27.88728669251541, 43.41711003555393, 5.849948799020772, 12.659624686853736, 0.0, 17.17534166059879, 33.999012999001074, 11.836503185075257, 27.88728669251541, 17.17534166059879, 0.0, 18.05715310369994, 29.206125253432138, 43.41711003555393, 33.999012999001074, 18.05715310369994, 0.0], "finger_dot_table": [0.0, 95.15124606744165, 101.64890765344383, 100.02025835393708, 107.75847976634695, 95.15124606744165, 0.0, 10.894860557945199, 18.020383990707273, 30.662049716648102, 101.64890765344383, 10.894860557945199, 0.0, 8.664172639498478, 20.04042136693477, 100.02025835393708, 18.020383990707273, 8.664172639498478, 0.012736811131894937, 13.246091449939591, 107.75847976634695, 30.662049716648102, 20.04042136693477, 13.246091449939591, 0.012344542699025443], "finger_straight_table": [0.0, 0.0, 0.0, 0.0, 0.0], "bone_dot_table": [90.00000105055241, 15.84786998616156, 0.0, 45.89730008520645, 76.4163259912648, 45.253570548627, 50.863948989888, 74.24018062498736, 42.24531778853112, 46.619893490475235, 75.66130349195565, 44.51361483416566, 55.39408082620043, 76.18558897304085, 41.77613109437347]}, {"fingertip_distance_table": [0.0, 27.425812965446774, 12.072333257851486, 19.283491107670724, 34.42934624632903, 27.425812965446774, 0.0, 38.96011140399673, 42.17148073060449, 47.93616362980483, 12.072333257851486, 38.96011140399673, 0.0, 19.40087710441064, 38.30359520498055, 19.283491107670724, 42.17148073060449, 19.40087710441064, 0.0, 19.54928765141014, 34.42934624632903, 47.93616362980483, 38.30359520498055, 19.54928765141014, 0.0], "finger_dot_table": [0.0, 129.25003722541598, 87.0016995670423, 85.88605441300685, 87.27154579814113, 129.25003722541598, 0.0, 50.21457211395245, 54.640662476712855, 60.51045223715579, 87.0016995670423, 50.21457211395245, 0.0, 6.670796543405497, 17.989156405187458, 85.88605441300685, 54.640662476712855, 6.670796543405497, 0.0, 11.483335588867975, 87.27154579814113, 60.51045223715579, 17.989156405187458, 11.483335588867975, 0.0], "finger_straight_table": [1.0, 0.0, 0.0, 0.0, 0.0], "bone_dot_table": [90.00000105055241, 14.66127625574692, 0.6715161636095734, 79.00841890927335, 77.00568577980418, 33.99625384531339, 35.63959374315528, 71.75411128054678, 45.78994243932568, 32.629659785502355, 73.53389815105318, 47.924309530217734, 35.86849691312362, 74.31168052698767, 47.34392271874084]}, {"fingertip_distance_table": [0.0, 26.536994634745117, 35.847834837129355, 20.548407242619504, 35.91240479322065, 26.536994634745117, 0.0, 61.66521163361494, 36.214079054241154, 44.2206787498886, 35.847834837129355, 61.66521163361494, 0.0, 39.15732390850059, 49.555108875741624, 20.548407242619504, 36.214079054241154, 39.15732390850059, 0.0, 18.93086210283177, 35.91240479322065, 44.2206787498886, 49.555108875741624, 18.93086210283177, 0.0], "finger_dot_table": [0.0, 130.84657855271752, 57.12424826614059, 92.8379234519244, 92.09539576321903, 130.84657855271752, 0.0, 79.93031707238737, 47.69321637012775, 54.249957965368814, 57.12424826614059, 79.93031707238737, 0.0, 35.74127265824555, 35.92049917664736, 92.8379234519244, 47.69321637012775, 35.74127265824555, 0.013075553078298647, 10.179755417377892, 92.09539576321903, 54.249957965368814, 35.92049917664736, 10.179755417377892, 0.012132257600878861], "finger_straight_table": [1.0, 0.0, 0.0, 0.0, 0.0], "bone_dot_table": [90.00000105055241, 13.218405452794327, 3.155875391267266, 77.96585049625158, 76.73679927372892, 34.233957826539445, 10.122157572192519, 66.05236103625256, 49.88092544448443, 41.83229405120384, 70.67906296648397, 43.13917858217712, 41.98384386614858, 73.38733255806818, 44.76050420023412]}, {"fingertip_distance_table": [0.0, 98.52381537261965, 74.56248216580686, 28.31557001725623, 11.283685025232312, 98.52381537261965, 0.0, 46.83516708799367, 84.8930927132777, 97.30000248361017, 74.56248216580686, 46.83516708799367, 0.0, 54.76606167466397, 68.7688905804492, 28.31557001725623, 84.8930927132777, 54.76606167466397, 0.0, 19.942723736131516, 11.283685025232312, 97.30000248361017, 68.7688905804492, 19.942723736131516, 0.0], "finger_dot_table": [0.0, 62.167900861039996, 45.48982937331359, 75.5130324126905, 78.5679373067716, 62.167900861039996, 0.0186516937472275, 32.26649629124746, 76.31141137881337, 68.78287258651467, 45.48982937331359, 32.26649629124746, 0.0, 49.88697007395055, 45.89483243914976, 75.5130324126905, 76.31141137881337, 49.88697007395055, 0.0073091601652356215, 10.265722078485519, 78.5679373067716, 68.78287258651467, 45.89483243914976, 10.265722078485519, 0.0], "finger_straight_table": [0.0, 0.0, 0.0, 0.0, 0.0], "bone_dot_table": [90.00000105055241, 39.34610994083522, 20.960273163917304, 16.35720337474446, 23.69286826039791, 19.87244530690217, 8.96244567018849, 31.728127911239334, 24.436363114936412, 47.79149894429778, 42.863250461018346, 25.069841513983963, 71.46083456408046, 19.53660166963846, 9.681319750748221]}, {"fingertip_distance_table": [0.0, 114.5743598950958, 66.9933929658207, 28.744871974343024, 14.143299789892643, 114.5743598950958, 0.0, 77.15391294054031, 104.98687049980273, 109.74893572994937, 66.9933929658207, 77.15391294054031, 0.0, 44.25835180434058, 54.848363529009205, 28.744871974343024, 104.98687049980273, 44.25835180434058, 0.0, 18.2965024891168, 14.143299789892643, 109.74893572994937, 54.848363529009205, 18.2965024891168, 0.0], "finger_dot_table": [0.0, 79.8298060226883, 52.99543516011441, 78.27391298952801, 81.9231645816583, 79.8298060226883, 0.022530829828621163, 72.23789495578123, 102.78534431946748, 93.01208574041502, 52.99543516011441, 72.23789495578123, 0.0075228232805569315, 37.00154709491347, 33.77350473393762, 78.27391298952801, 102.78534431946748, 37.00154709491347, 0.0, 11.3614915612848, 81.9231645816583, 93.01208574041502, 33.77350473393762, 11.3614915612848, 0.01706087813524736], "finger_straight_table": [0.0, 0.0, 0.0, 0.0, 0.0], "bone_dot_table": [90.00000105055241, 42.07115856682436, 34.60623880201491, 29.63681449299885, 12.75980965249711, 11.769446017890733, 25.25369697532467, 32.49153998946117, 22.40396579742774, 56.317955772417015, 38.7534564801619, 21.207801972198002, 68.14513398151202, 26.596486960878092, 13.300210940564863]}, {"fingertip_distance_table": [0.0, 107.21819644343606, 63.81015109551787, 25.12423599273717, 11.224001348057948, 107.21819644343606, 0.0, 67.28181672235401, 101.68701948201591, 103.03048111658508, 63.81015109551787, 67.28181672235401, 0.0, 48.62510395370541, 54.32657800015353, 25.12423599273717, 101.68701948201591, 48.62510395370541, 0.0, 17.720386110044497, 11.224001348057948, 103.03048111658508, 54.32657800015353, 17.720386110044497, 0.0], "finger_dot_table": [0.0, 68.3678207590368, 58.27986835231052, 86.60683099523165, 92.36972722749222, 68.3678207590368, 0.0, 62.63962750396703, 96.8415769790657, 88.74911388016197, 58.27986835231052, 62.63962750396703, 0.0, 38.901331773647904, 37.862944760751915, 86.60683099523165, 96.8415769790657, 38.901331773647904, 0.0, 12.434938595559037, 92.36972722749222, 88.74911388016197, 37.862944760751915, 12.434938595559037, 0.0], "finger_straight_table": [0.0, 0.0, 0.0, 0.0, 0.0], "bone_dot_table": [90.00000105055241, 41.83521730374296, 61.71918455412796, 16.582491358616195, 17.360017580387147, 14.92336382101557, 31.523049394374326, 35.69810689190954, 23.54804767488162, 68.57885351303085, 38.21135203437671, 18.682354539398943, 71.03506582871641, 37.140726497308535, 17.74493926584306]}, {"fingertip_distance_table": [0.0, 67.79512520944522, 60.76963454553219, 24.425914258793547, 8.959988826792271, 67.79512520944522, 0.0, 16.41657969256672, 56.41343166171448, 62.79492285948098, 60.76963454553219, 16.41657969256672, 0.0, 49.0970966815255, 54.6409802539815, 24.425914258793547, 56.41343166171448, 49.0970966815255, 0.0, 16.971498004024607, 8.959988826792271, 62.79492285948098, 54.6409802539815, 16.971498004024607, 0.0], "finger_dot_table": [0.008746432715103197, 57.97630173101261, 66.33684299940717, 92.01327474560213, 98.34576012649197, 57.97630173101261, 0.0, 8.37393950052613, 41.67764535757014, 42.64639574032628, 66.33684299940717, 8.37393950052613, 0.01807968466780047, 35.259618006842906, 34.756137012602174, 92.01327474560213, 41.67764535757014, 35.259618006842906, 0.013600180996705487, 12.635994282426951, 98.34576012649197, 42.64639574032628, 34.756137012602174, 12.635994282426951, 0.0], "finger_straight_table": [0.0, 0.0, 0.0, 0.0, 0.0], "bone_dot_table": [90.00000105055241, 41.586687107440426, 69.39945976950634, 29.967321572209066, 41.94845861021065, 27.716230074014067, 34.40295057848381, 42.45694869427257, 27.331297557371236, 74.56648469217396, 38.93275954311098, 17.969915366366468, 76.84308046713214, 38.45246075647028, 17.347410460491385]}, {"fingertip_distance_table": [0.0, 67.03721161044477, 61.68293498326013, 28.95271781163748, 19.701188926787964, 67.03721161044477, 0.0, 15.37326081525725, 47.29589494862394, 55.620601246349636, 61.68293498326013, 15.37326081525725, 0.0, 40.310356140063256, 46.802770565428716, 28.95271781163748, 47.29589494862394, 40.310356140063256, 0.0, 18.504820872960124, 19.701188926787964, 55.620601246349636, 46.802770565428716, 18.504820872960124, 0.0], "finger_dot_table": [0.0031887247100784266, 58.58841901946573, 66.26718477203332, 85.60694689555412, 85.58869685591942, 58.58841901946573, 0.019093055640328746, 7.8216972015579485, 31.536766212959265, 27.08134903505028, 66.26718477203332, 7.8216972015579485, 0.01669327074026327, 26.636207107332147, 19.685971778089147, 85.60694689555412, 31.536766212959265, 26.636207107332147, 0.0, 15.040644589133764, 85.58869685591942, 27.08134903505028, 19.685971778089147, 15.040644589133764, 0.0], "finger_straight_table": [0.0, 0.0, 0.0, 0.0, 0.0], "bone_dot_table": [90.00000105055241, 41.548104884741, 70.67720694420922, 31.008285708975187, 42.31135556485918, 27.838683727151782, 32.80044764334035, 43.472321320994396, 28.304752077310713, 63.72599451985982, 40.58777610973467, 20.873456305450414, 62.435402066147496, 36.19818568065536, 18.52000142292617]}, {"fingertip_distance_table": [0.0, 73.73956661657053, 55.72692024296479, 50.15023236819474, 26.12758775727524, 73.73956661657053, 0.0, 26.038057209290532, 39.60313482167507, 60.79845884744874, 55.72692024296479, 26.038057209290532, 0.0, 20.781711042555447, 41.22970536959493, 50.15023236819474, 39.60313482167507, 20.781711042555447, 0.0, 27.837440002894102, 26.12758775727524, 60.79845884744874, 41.22970536959493, 27.837440002894102, 0.0], "finger_dot_table": [0.0, 55.76477661247316, 71.2415270375519, 64.9306506626686, 81.45426378407188, 55.76477661247316, 0.006094631777617088, 22.816885145983836, 9.90782463623843, 27.42555900288778, 71.2415270375519, 22.816885145983836, 0.0, 14.856301982270507, 13.06973388393648, 64.9306506626686, 9.90782463623843, 14.856301982270507, 0.0030179689918323916, 17.518454482549338, 81.45426378407188, 27.42555900288778, 13.06973388393648, 17.518454482549338, 0.0], "finger_straight_table": [0.0, 0.0, 0.0, 0.0, 0.0], "bone_dot_table": [90.00000105055241, 41.5315715433798, 71.22517759586907, 23.862094015887543, 39.117624426206596, 27.023925174869223, 40.68250646663671, 44.94869439773595, 23.62416738678611, 37.691558318809406, 35.01279602269464, 20.460248757445815, 47.85751755472872, 45.23076743629478, 25.34820081404475]}, {"fingertip_distance_table": [0.0, 87.99378634921253, 38.11653685624933, 21.931499278353513, 12.317053097448198, 87.99378634921253, 0.0, 64.4569473966569, 76.36314286066664, 80.23263276906066, 38.11653685624933, 64.4569473966569, 0.0, 17.661250060491184, 32.481452082803536, 21.931499278353513, 76.36314286066664, 17.661250060491184, 0.0, 16.953793412746464, 12.317053097448198, 80.23263276906066, 32.481452082803536, 16.953793412746464, 0.0], "finger_dot_table": [0.01401521614034771, 55.2717835866699, 89.20294874714861, 96.41509876756581, 98.86196934799521, 55.2717835866699, 0.010410674350627503, 75.0749586313275, 76.78038917310403, 67.16132170118765, 89.20294874714861, 75.0749586313275, 0.01530971741425802, 7.924473113069135, 20.538671810745704, 96.41509876756581, 76.78038917310403, 7.924473113069135, 0.008591913094156607, 14.970385125609214, 98.86196934799521, 67.16132170118765, 20.538671810745704, 14.970385125609214, 0.0], "finger_straight_table": [0.0, 0.0, 0.0, 0.0, 0.0], "bone_dot_table": [90.00000105055241, 42.2581356530743, 72.00729405245552, 13.927592955886, 25.759416148869335, 19.022067297296683, 60.20810602194087, 55.288535124451094, 28.418791502692677, 64.03855656292897, 55.29258943207717, 28.071002993705836, 62.65415848887819, 52.807904596700084, 27.15737173595311]}, {"fingertip_distance_table": [0.0, 85.74045656236194, 36.786163762800655, 19.230720941310654, 7.37714701597477, 85.74045656236194, 0.0, 62.460437576202665, 76.67275152593444, 80.5932439879092, 36.786163762800655, 62.460437576202665, 0.0, 19.106000702570828, 32.864109582699136, 19.230720941310654, 76.67275152593444, 19.106000702570828, 0.0, 16.503828879102443, 7.37714701597477, 80.5932439879092, 32.864109582699136, 16.503828879102443, 0.0], "finger_dot_table": [0.008573987253319992, 53.39863369920333, 89.40160435201933, 99.05063988711632, 103.89480528955986, 53.39863369920333, 0.0, 74.84092312282279, 80.24935184633084, 74.55898602969154, 89.40160435201933, 74.84092312282279, 0.0, 9.685598638464176, 19.48691051715559, 99.05063988711632, 80.24935184633084, 9.685598638464176, 0.017908257755714307, 12.993388908747287, 103.89480528955986, 74.55898602969154, 19.48691051715559, 12.993388908747287, 0.0], "finger_straight_table": [0.0, 0.0, 0.0, 0.0, 0.0], "bone_dot_table": [90.00000105055241, 42.61939478388215, 73.87649410907545, 19.500980214873806, 21.579424696491337, 15.400285829684801, 61.90914791741862, 54.751718060330695, 28.145407744160167, 68.74823789446545, 55.152772024289305, 26.900629862618818, 68.76583515498268, 54.64602846757296, 26.640903547014307]}, {"fingertip_distance_table": [0.0, 74.8558192362874, 24.202339690359754, 8.3595707282137, 9.425476803057041, 74.8558192362874, 0.0, 60.23181917421069, 73.38673123296726, 80.24303793005777, 24.202339690359754, 60.23181917421069, 0.0, 18.018395711885486, 33.27685462099176, 8.3595707282137, 73.38673123296726, 18.018395711885486, 0.0, 16.881164190164544, 9.425476803057041, 80.24303793005777, 33.27685462099176, 16.881164190164544, 0.0], "finger_dot_table": [0.01431926165734011, 38.20018275431011, 89.86897369988533, 96.89370525361639, 101.57910568224446, 38.20018275431011, 0.01515055914482987, 75.4528815367113, 78.61492536267578, 77.73445698871038, 89.86897369988533, 75.4528815367113, 0.0, 8.384543075296337, 18.089576544222844, 96.89370525361639, 78.61492536267578, 8.384543075296337, 0.01598646936914807, 10.297972381045119, 101.57910568224446, 77.73445698871038, 18.089576544222844, 10.297972381045119, 0.0], "finger_straight_table": [0.0, 0.0, 0.0, 0.0, 0.0], "bone_dot_table": [90.00000105055241, 32.093266673774856, 66.30653552243177, 24.225436082145503, 17.155164053798977, 11.890567212014554, 61.6775717435395, 55.620699106992355, 28.77926976905281, 67.64825182675959, 54.42428110145236, 26.820306529592433, 71.66382031044085, 54.458228638507634, 25.859214988159067]}, {"fingertip_distance_table": [0.0, 28.81981290677784, 72.3475653423475, 99.79328886750052, 111.41289205898202, 28.81981290677784, 0.0, 48.894277509167196, 79.28704665771784, 95.05916285635762, 72.3475653423475, 48.894277509167196, 0.0, 41.36612365205667, 71.81003337196528, 99.79328886750052, 79.28704665771784, 41.36612365205667, 0.0, 36.10516962895174, 111.41289205898202, 95.05916285635762, 71.81003337196528, 36.10516962895174, 0.0], "finger_dot_table": [0.010367303738737626, 56.895703252693785, 17.65008240317805, 26.95620453302159, 37.39926126930407, 56.895703252693785, 0.008225878924015165, 44.27008150097446, 62.064923922025415, 67.0545478235256, 17.65008240317805, 44.27008150097446, 0.01557670105253296, 21.275142655422822, 30.482836520559424, 26.95620453302159, 62.064923922025415, 21.275142655422822, 0.00969321234943089, 10.506672822641162, 37.39926126930407, 67.0545478235256, 30.482836520559424, 10.506672822641162, 0.0], "finger_straight_table": [1.0, 0.0, 0.0, 0.0, 0.0], "bone_dot_table": [90.00000105055241, 0.3700934127881151, 6.363708991349546, 55.33766496831788, 24.747358276845112, 14.10967204842057, 25.907717525931997, 10.060363782163183, 6.065048851252414, 6.607212354937936, 12.58879033455732, 8.62670274113474, 11.97066174039557, 23.220176800955972, 18.503885294366757]}, {"fingertip_distance_table": [0.0, 40.22221609833354, 90.50711504325791, 124.57714044590772, 135.05222652645745, 40.22221609833354, 0.0, 61.57815618165091, 100.61260961853347, 112.34965068519327, 90.50711504325791, 61.57815618165091, 0.0, 53.3247143072897, 83.41230734996462, 124.57714044590772, 100.61260961853347, 53.3247143072897, 0.0, 40.78531180840294, 135.05222652645745, 112.34965068519327, 83.41230734996462, 40.78531180840294, 0.0], "finger_dot_table": [0.01730639124454363, 59.63872082638185, 26.748601003885152, 50.93287650232102, 69.8310980693358, 59.63872082638185, 0.008729917680303026, 55.01452930211288, 85.09408053847478, 92.85594908317405, 26.748601003885152, 55.01452930211288, 0.002704131923854388, 33.31794139464435, 48.95902772877998, 50.93287650232102, 85.09408053847478, 33.31794139464435, 0.0034756319163850285, 19.256696676504017, 69.8310980693358, 92.85594908317405, 48.95902772877998, 19.256696676504017, 0.008495654516718616], "finger_straight_table": [1.0, 0.0, 1.0, 1.0, 1.0], "bone_dot_table": [90.00000105055241, 5.812845850927728, 5.768717530585485, 56.963902897549666, 22.11744102078985, 11.979401242139325, 15.709660773485515, 8.414003045572635, 6.091685542529087, 16.831005846253706, 9.753260306735319, 8.475773303946864, 24.789798037661647, 7.553809974195328, 6.724296280492424]}, {"fingertip_distance_table": [0.0, 92.05004438564856, 106.24066221944095, 92.37508347024837, 94.31648212096253, 92.05004438564856, 0.0, 36.36183303223878, 66.74718603578987, 82.86720963604239, 106.24066221944095, 36.36183303223878, 0.0, 42.30301063181288, 59.02732208484406, 92.37508347024837, 66.74718603578987, 42.30301063181288, 0.0, 25.662377256987952, 94.31648212096253, 82.86720963604239, 59.02732208484406, 25.662377256987952, 0.0], "finger_dot_table": [0.0, 34.98605779103518, 33.59587392159658, 13.408521487363357, 13.104430189206756, 34.98605779103518, 0.0, 13.21987848983854, 37.61346502017549, 34.497421758530784, 33.59587392159658, 13.21987848983854, 0.0, 31.015741647187895, 27.949158548329947, 13.408521487363357, 37.61346502017549, 31.015741647187895, 0.018065675769276424, 3.148853120930872, 13.104430189206756, 34.497421758530784, 27.949158548329947, 3.148853120930872, 0.004896021441061102], "finger_straight_table": [1.0, 0.0, 0.0, 0.0, 0.0], "bone_dot_table": [90.00000105055241, 12.457602081985588, 9.019838163582978, 29.93473508517803, 21.1586731334723, 19.80524714032121, 30.009993768422014, 23.505103395058914, 22.022555361371122, 8.437434509932089, 30.13427536172396, 24.707238151507905, 5.198179532223315, 31.035829552827686, 25.33583686677531]}, {"fingertip_distance_table": [0.0, 32.858611020771036, 52.469094027196505, 48.260365363111774, 60.73107593402426, 32.858611020771036, 0.0, 30.230240578390564, 46.4398551980094, 67.03323461253132, 52.469094027196505, 30.230240578390564, 0.0, 30.952339035576447, 51.82973433990849, 48.260365363111774, 46.4398551980094, 30.952339035576447, 0.0, 24.714086252649192, 60.73107593402426, 67.03323461253132, 51.82973433990849, 24.714086252649192, 0.0], "finger_dot_table": [0.0, 32.91469948250517, 20.218387165735248, 32.97573626138039, 29.142781878729775, 32.91469948250517, 0.0, 13.071282082413946, 5.046160793963535, 6.621477877345289, 20.218387165735248, 13.071282082413946, 0.016078496760236063, 12.79129061076188, 9.035672905094227, 32.97573626138039, 5.046160793963535, 12.79129061076188, 0.010530473778776648, 3.891123303983741, 29.142781878729775, 6.621477877345289, 9.035672905094227, 3.891123303983741, 0.01895215263044458], "finger_straight_table": [1.0, 0.0, 1.0, 0.0, 0.0], "bone_dot_table": [90.00000105055241, 1.577260820000811, 0.16512419824286156, 50.485575122025104, 9.059165205794962, 5.408600077734248, 39.686287901485414, 8.05750191952083, 5.200576766833647, 53.8673481676585, 7.422075099099197, 4.226000941666069, 52.65913585385128, 8.782995733026675, 4.869542053931535]}, {"fingertip_distance_table": [0.0, 41.46492620394275, 82.19497286917813, 99.76166351030918, 103.1922525331936, 41.46492620394275, 0.0, 55.196112304474994, 86.65435507485292, 103.60510408297276, 82.19497286917813, 55.196112304474994, 0.0, 39.739159703478954, 71.29997870746125, 99.76166351030918, 86.65435507485292, 39.739159703478954, 0.0, 38.808022003795465, 103.1922525331936, 103.60510408297276, 71.29997870746125, 38.808022003795465, 0.0], "finger_dot_table": [0.017828225908031382, 35.67522689603606, 14.882944299036899, 25.48420455604784, 29.972614288345675, 35.67522689603606, 0.0, 40.53766244986149, 58.497173490580046, 65.64780718836387, 14.882944299036899, 40.53766244986149, 0.0, 18.719060818958663, 30.854288518116537, 25.48420455604784, 58.497173490580046, 18.719060818958663, 0.0, 15.781129848572705, 29.972614288345675, 65.64780718836387, 30.854288518116537, 15.781129848572705, 0.0], "finger_straight_table": [0.0, 0.0, 1.0, 0.0, 0.0], "bone_dot_table": [90.00000105055241, 40.29643523778954, 26.90042031928258, 44.22714692235208, 11.809622622188932, 7.473218229498186, 11.729034619930589, 5.961712335597794, 4.482364954230516, 12.836764187958456, 12.192920666529375, 10.525126350177562, 17.683156829954, 10.577109547609082, 9.130669575227307]}, {"fingertip_distance_table": [0.0, 81.44772429750189, 88.05564910579824, 73.50947557705065, 36.78261197370161, 81.44772429750189, 0.0, 35.42044336509875, 58.35592418701335, 72.29219916572093, 88.05564910579824, 35.42044336509875, 0.0, 32.86998101689101, 64.55472543756821, 73.50947557705065, 58.35592418701335, 32.86998101689101, 0.0, 40.61984326914246, 36.78261197370161, 72.29219916572093, 64.55472543756821, 40.61984326914246, 0.0], "finger_dot_table": [0.021266091325734315, 48.307396858958434, 42.31336221618871, 32.59040770914596, 58.24952280871061, 48.307396858958434, 0.0, 14.204155666845638, 16.347087116280466, 36.8535331743505, 42.31336221618871, 14.204155666845638, 0.0, 11.817348765108465, 49.55647959218413, 32.59040770914596, 16.347087116280466, 11.817348765108465, 0.014036284738652155, 43.44762949164976, 58.24952280871061, 36.8535331743505, 49.55647959218413, 43.44762949164976, 0.014660825059577514], "finger_straight_table": [0.0, 1.0, 1.0, 1.0, 0.0], "bone_dot_table": [90.00000105055241, 41.57111419666327, 29.56214922657596, 13.116379759642108, 8.573858905971028, 7.406684561896047, 2.125109754206646, 9.836709790912373, 6.580943060641082, 11.722585745762101, 9.064789072843435, 6.762711403749835, 29.907255580372933, 38.06795910762351, 23.858388263657073]}, {"fingertip_distance_table": [0.0, 92.079506920381, 89.87487698552496, 50.57641218192262, 41.70867909655657, 92.079506920381, 0.0, 36.89727637761799, 82.28088554306234, 83.69990810961853, 89.87487698552496, 36.89727637761799, 0.0, 62.13046989499924, 65.10316625138346, 50.57641218192262, 82.28088554306234, 62.13046989499924, 0.0, 18.840120856900032, 41.70867909655657, 83.69990810961853, 65.10316625138346, 18.840120856900032, 0.0], "finger_dot_table": [0.010265221164038692, 55.49200497098367, 38.54249552295681, 39.00059493361531, 46.646390685385384, 55.49200497098367, 0.0, 16.95759687574293, 64.56996440817426, 57.89306167564833, 38.54249552295681, 16.95759687574293, 0.012923320047486322, 52.80062095816959, 49.43436561732529, 39.00059493361531, 64.56996440817426, 52.80062095816959, 0.0, 12.686236718821597, 46.646390685385384, 57.89306167564833, 49.43436561732529, 12.686236718821597, 0.0], "finger_straight_table": [0.0, 1.0, 1.0, 0.0, 0.0], "bone_dot_table": [90.00000105055241, 39.6718021335697, 23.73355309578793, 18.881379357863725, 6.2464633114309, 5.56679169556619, 11.950560641187446, 9.84435888890704, 8.322090612903839, 27.96068090373223, 24.576153965301607, 16.59802030823171, 30.126327022860046, 25.943012313413497, 17.169305492099276]}, {"fingertip_distance_table": [0.0, 83.13727528649176, 84.85303376933842, 43.56030805634903, 41.46032531493572, 83.13727528649176, 0.0, 27.786389691365777, 74.49287562509116, 74.15526916244808, 84.85303376933842, 27.786389691365777, 0.0, 63.54406286066272, 62.12732039598199, 43.56030805634903, 74.49287562509116, 63.54406286066272, 0.0, 20.24473980412342, 41.46032531493572, 74.15526916244808, 62.12732039598199, 20.24473980412342, 0.0], "finger_dot_table": [0.0, 39.815909461203205, 31.39189339403034, 45.723893706313014, 45.261101711189376, 39.815909461203205, 0.0, 8.951280328457186, 62.2730664951195, 50.971218122752745, 31.39189339403034, 8.951280328457186, 0.0, 55.107275835872066, 45.0828592502968, 45.723893706313014, 62.2730664951195, 55.107275835872066, 0.01881818334038479, 14.374010561380894, 45.261101711189376, 50.971218122752745, 45.0828592502968, 14.374010561380894, 0.011940071397960283], "finger_straight_table": [0.0, 0.0, 0.0, 0.0, 0.0], "bone_dot_table": [90.00000105055241, 37.54074034252763, 22.454905215446495, 15.025924081380904, 10.844055990405884, 9.349618201222592, 9.058966996621791, 12.601115666718355, 10.549493129465318, 34.455194094920486, 26.169005615413653, 16.861707071719678, 32.16792432730073, 25.654122072678398, 16.899627846158047]}, {"fingertip_distance_table": [0.0, 20.510984043363095, 41.438514767020195, 62.20640329219073, 82.14741530047357, 20.510984043363095, 0.0, 23.96041129620559, 46.90901817268518, 70.77831712162723, 41.438514767020195, 23.96041129620559, 0.0, 27.584646207749834, 56.71252765788302, 62.20640329219073, 46.90901817268518, 27.584646207749834, 0.0, 30.874290898462423, 82.14741530047357, 70.77831712162723, 56.71252765788302, 30.874290898462423, 0.0], "finger_dot_table": [0.007156176627341239, 75.22872291839657, 54.340987516197764, 35.13316930283163, 9.657956668237912, 75.22872291839657, 0.0, 22.734534360556363, 40.47708361942976, 69.17833304966764, 54.340987516197764, 22.734534360556363, 0.0, 19.31072677658639, 50.00913821877904, 35.13316930283163, 40.47708361942976, 19.31072677658639, 0.015369223491734998, 30.849605547669366, 9.657956668237912, 69.17833304966764, 50.00913821877904, 30.849605547669366, 0.0], "finger_straight_table": [0.0, 0.0, 0.0, 0.0, 0.0], "bone_dot_table": [90.00000105055241, 17.885731757257755, 11.577556819601801, 52.34981506522028, 44.34751204438628, 27.11568646641611, 37.40516327721649, 38.611144403716764, 23.82608918388552, 26.64062157357623, 31.380370534271727, 20.000264368150045, 21.231321645891178, 10.08322840475899, 7.725797696785702]}, {"fingertip_distance_table": [0.0, 27.246158806163276, 38.26341964819253, 51.56303209040291, 66.82333929280713, 27.246158806163276, 0.0, 11.187600555767915, 26.54738983771639, 43.66596757140461, 38.26341964819253, 11.187600555767915, 0.0, 17.186488502256008, 34.27275593749678, 51.56303209040291, 26.54738983771639, 17.186488502256008, 0.0, 21.074537