[{"fingertip_distance_table": [0.0, 102.53296279964657, 124.89165377179769, 139.65016007301068, 147.48030874654367, 102.53296279964657, 0.0, 25.810425187410946, 52.53399143885921, 79.5436838071888, 124.89165377179769, 25.810425187410946, 0.0, 30.111334252619372, 61.82039764027491, 139.65016007301068, 52.53399143885921, 30.111334252619372, 0.0, 33.61781196845826, 147.48030874654367, 79.5436838071888, 61.82039764027491, 33.61781196845826, 0.0], "finger_dot_table": [0.0, 51.13637487796184, 53.5840325956574, 59.967061514436146, 68.47366201013463, 51.13637487796184, 0.0, 2.550837790584477, 10.629801248296491, 21.208328709543, 53.5840325956574, 2.550837790584477, 0.012731959953822699, 8.266139416326872, 18.878529862275805, 59.967061514436146, 10.629801248296491, 8.266139416326872, 0.010382977020612532, 10.612625772750183, 68.47366201013463, 21.208328709543, 18.878529862275805, 10.612625772750183, 0.0], "finger_straight_table": [1.0, 1.0, 1.0, 1.0, 1.0], "bone_dot_table": [90.00000105055241, 8.32965901546931, 18.15650634819115, 11.435999442614381, 5.907975667522653, 4.59791244160263, 7.2088813135002345, 6.796453718380916, 5.371915404842904, 4.566532078357822, 4.42004734389197, 3.5444039309959514, 5.219953540543127, 2.850634096377438, 2.3275724380016976]}, {"fingertip_distance_table": [0.0, 106.24908881745263, 130.96796027778, 142.88931631397654, 152.20035635558855, 106.24908881745263, 0.0, 29.727349792786338, 52.92614125785447, 82.79688200345404, 130.96796027778, 29.727349792786338, 0.0, 26.531000805561458, 61.31313335569273, 142.88931631397654, 52.92614125785447, 26.531000805561458, 0.0, 36.12770545544974, 152.20035635558855, 82.79688200345404, 61.31313335569273, 36.12770545544974, 0.0], "finger_dot_table": [0.021141745703556362, 51.59098610543338, 57.690466199418985, 61.11565405624026, 71.73889490663603, 51.59098610543338, 0.0, 6.110819429737926, 10.58683262986452, 22.80395825222755, 57.690466199418985, 6.110819429737926, 0.0, 5.573874074674508, 17.61303777998237, 61.11565405624026, 10.58683262986452, 5.573874074674508, 0.017380286973540014, 12.259682063217255, 71.73889490663603, 22.80395825222755, 17.61303777998237, 12.259682063217255, 0.0], "finger_straight_table": [1.0, 1.0, 1.0, 1.0, 1.0], "bone_dot_table": [90.00000105055241, 7.031568569175538, 20.809546811436668, 8.772388617190101, 4.688645392080355, 3.687711714814311, 8.12584132347231, 4.757622997653271, 3.7633736231118897, 2.742914669265958, 3.736904730457488, 3.000958999760194, 6.509520840317392, 3.335413441146655, 2.7453726326210317]}, {"fingertip_distance_table": [0.0, 107.94621359538381, 132.94433599208816, 144.29674326128483, 153.4832114060605, 107.94621359538381, 0.0, 30.374832071260116, 53.20189348309456, 83.34845894889787, 132.94433599208816, 30.374832071260116, 0.0, 26.185358529310193, 61.3339757701923, 144.29674326128483, 53.20189348309456, 26.185358529310193, 0.0, 36.35927405792904, 153.4832114060605, 83.34845894889787, 61.3339757701923, 36.35927405792904, 0.0], "finger_dot_table": [0.0, 51.2595637296534, 58.103730692225376, 61.371033397659936, 71.93239166107006, 51.2595637296534, 0.0, 6.845309380171554, 10.548265472766067, 22.61907593817524, 58.103730692225376, 6.845309380171554, 0.01590278929271584, 4.615358761446154, 16.867763793216987, 61.371033397659936, 10.548265472766067, 4.615358761446154, 0.019734288130669665, 12.32044869120277, 71.93239166107006, 22.61907593817524, 16.867763793216987, 12.32044869120277, 0.017394197354986467], "finger_straight_table": [1.0, 1.0, 1.0, 1.0, 1.0], "bone_dot_table": [90.00000105055241, 5.634889382788399, 23.192396114701495, 7.633035034298423, 4.323828938050903, 3.449902121147083, 7.539879972874188, 3.7068575842109923, 2.948718077607885, 2.3275670710927945, 3.200259621264052, 2.574208697018347, 6.710255371393521, 3.308229950726752, 2.7313841646174564]}, {"fingertip_distance_table": [0.0, 107.39988305643571, 133.16870410334363, 144.4194871434057, 152.7305073794982, 107.39988305643571, 0.0, 31.425776703471616, 54.22415157581506, 83.27319605886423, 133.16870410334363, 31.425776703471616, 0.0, 26.142380559664016, 60.343137979303954, 144.4194871434057, 54.22415157581506, 26.142380559664016, 0.0, 35.50230851440917, 152.7305073794982, 83.27319605886423, 60.343137979303954, 35.50230851440917, 0.0], "finger_dot_table": [0.005506967818369772, 49.905133612895426, 57.59502758767882, 60.83893295948506, 70.42315494633546, 49.905133612895426, 0.0, 7.697403117123351, 11.431028108346963, 22.200892072075348, 57.59502758767882, 7.697403117123351, 0.0, 4.508242118011154, 15.37305035039206, 60.83893295948506, 11.431028108346963, 4.508242118011154, 0.0, 10.945841901917234, 70.42315494633546, 22.200892072075348, 15.37305035039206, 10.945841901917234, 0.0], "finger_straight_table": [1.0, 1.0, 1.0, 1.0, 1.0], "bone_dot_table": [90.00000105055241, 3.8085902318467677, 20.82128766076782, 7.124743634333006, 4.143517734460082, 3.3354587950549908, 7.47249992057907, 3.4238922780847663, 2.751125100481468, 3.0259762633927885, 2.930713872465469, 2.3781590794664993, 6.5017259194881, 3.2993061294155726, 2.728387649738222]}, {"fingertip_distance_table": [0.0, 107.41874476759634, 131.480114798815, 142.42144294791876, 149.83112631567334, 107.41874476759634, 0.0, 28.77870059649294, 51.55808248642749, 79.9728343772479, 131.480114798815, 28.77870059649294, 0.0, 26.285509375813483, 59.81005758746977, 142.42144294791876, 51.55808248642749, 26.285509375813483, 0.0, 34.86429422282001, 149.83112631567334, 79.9728343772479, 59.81005758746977, 34.86429422282001, 0.0], "finger_dot_table": [0.0, 52.1927980442846, 57.77067083804878, 61.31472167700678, 69.88815091713724, 52.1927980442846, 0.01278543618505002, 5.597650659514226, 9.553752082881953, 18.86372198952195, 57.77067083804878, 5.597650659514226, 0.018747446253020293, 4.301878924521496, 13.62095692578478, 61.31472167700678, 9.553752082881953, 4.301878924521496, 0.0, 9.357916240300037, 69.88815091713724, 18.86372198952195, 13.62095692578478, 9.357916240300037, 0.00668269884204472], "finger_straight_table": [1.0, 1.0, 1.0, 1.0, 1.0], "bone_dot_table": [90.00000105055241, 10.351684575379357, 15.561073895003831, 7.570132985255875, 3.2092887803722685, 2.62415566226679, 5.783072850924426, 2.7820119684687574, 2.2810031692445323, 4.911841118367615, 2.0905168724930583, 1.7178705718627438, 6.433031861342428, 2.51571798428881, 2.0929582393545267]}, {"fingertip_distance_table": [0.0, 107.27821587637, 131.53839109005312, 142.73060977934634, 149.98802018858657, 107.27821587637, 0.0, 29.107324730845683, 52.335422520086446, 80.5115154383384, 131.53839109005312, 29.107324730845683, 0.0, 26.72447531285141, 60.046709022351536, 142.73060977934634, 52.335422520086446, 26.72447531285141, 0.0, 34.69192036584195, 149.98802018858657, 80.5115154383384, 60.046709022351536, 34.69192036584195, 0.0], "finger_dot_table": [0.020519604298090178, 50.80738312965535, 56.71511244478132, 60.711996891920336, 69.09672613091463, 50.80738312965535, 0.013163418828154938, 5.909610234682878, 10.07013834290174, 18.96691510629017, 56.71511244478132, 5.909610234682878, 0.004991206361368933, 4.353954177269372, 13.364467776803984, 60.711996891920336, 10.07013834290174, 4.353954177269372, 0.0, 9.01062803301482, 69.09672613091463, 18.96691510629017, 13.364467776803984, 9.01062803301482, 0.010615830720295712], "finger_straight_table": [1.0, 1.0, 1.0, 1.0, 1.0], "bone_dot_table": [90.00000105055241, 8.240098404667963, 12.91161232131888, 7.967878554378169, 3.621611206311992, 2.990190123584024, 6.310318537232245, 3.04349343178031, 2.5117584883525867, 5.291882979902209, 2.2302551774327832, 1.838381567961982, 6.446885989067235, 2.693576097154041, 2.2387200220722927]}, {"fingertip_distance_table": [0.0, 105.19543188072535, 129.97636059525806, 141.5041655257939, 147.32536364682733, 105.19543188072535, 0.0, 30.410434593210994, 54.320015173951006, 81.40090894207012, 129.97636059525806, 30.410434593210994, 0.0, 27.36504678777752, 59.86544132882823, 141.5041655257939, 54.320015173951006, 27.36504678777752, 0.0, 34.264281037855476, 147.32536364682733, 81.40090894207012, 59.86544132882823, 34.264281037855476, 0.0], "finger_dot_table": [0.014763366860197576, 45.47150575713654, 52.329808602082146, 57.08032305155624, 64.19848956538613, 45.47150575713654, 0.0, 6.987644589933109, 11.62010707534418, 18.92849790266319, 52.329808602082146, 6.987644589933109, 0.0, 4.837491579441676, 11.948603702485052, 57.08032305155624, 11.62010707534418, 4.837491579441676, 0.013414268599523157, 7.509375329465933, 64.19848956538613, 18.92849790266319, 11.948603702485052, 7.509375329465933, 0.010262952013841791], "finger_straight_table": [1.0, 1.0, 1.0, 1.0, 1.0], "bone_dot_table": [90.00000105055241, 4.2952724595112235, 15.811074346389317, 9.386201455340908, 4.47934661032614, 3.7579450940462467, 8.422764502806368, 4.209134781987832, 3.5309935039057985, 7.152085510103131, 2.7873001614256894, 2.3266920265726445, 4.088382732477192, 3.9351068810011016, 3.218913003921694]}, {"fingertip_distance_table": [0.0, 99.23719118761204, 123.89343387385516, 134.4119027891971, 137.7045707992154, 99.23719118761204, 0.0, 32.75152828354088, 56.67832693793234, 82.01766086727541, 123.89343387385516, 32.75152828354088, 0.0, 27.33668877541874, 58.57010034273981, 134.4119027891971, 56.67832693793234, 27.33668877541874, 0.0, 33.21228181885254, 137.7045707992154, 82.01766086727541, 58.57010034273981, 33.21228181885254, 0.0], "finger_dot_table": [0.01430151823523115, 37.12280559882158, 44.74595963820124, 49.02779844688017, 52.973617515081344, 37.12280559882158, 0.0, 8.802385466245452, 13.301801129224819, 19.21330882353224, 44.74595963820124, 8.802385466245452, 0.0, 4.527917336255344, 10.562190095700243, 49.02779844688017, 13.301801129224819, 4.527917336255344, 0.0, 6.594485455627566, 52.973617515081344, 19.21330882353224, 10.562190095700243, 6.594485455627566, 0.0], "finger_straight_table": [1.0, 1.0, 1.0, 1.0, 1.0], "bone_dot_table": [90.00000105055241, 0.2946018048480348, 17.61896542922642, 10.865784710599435, 6.787522924234606, 5.768048350236848, 10.836608037103872, 7.092882680761788, 6.028111257724985, 8.32431281282074, 5.878114081569835, 4.9457781920126305, 2.9617162554969685, 7.223350361705549, 5.8710989096949815]}, {"fingertip_distance_table": [0.0, 92.05088455121746, 115.17624200491696, 123.13350370067498, 124.88666916255872, 92.05088455121746, 0.0, 35.059912743019034, 57.895057053231994, 80.94336872568375, 115.17624200491696, 35.059912743019034, 0.0, 26.280174631204755, 55.35099132855359, 123.13350370067498, 57.895057053231994, 26.280174631204755, 0.0, 30.815709523590705, 124.88666916255872, 80.94336872568375, 55.35099132855359, 30.815709523590705, 0.0], "finger_dot_table": [0.0, 27.910631627462976, 34.58137492265166, 36.37151009124794, 38.35867216203582, 27.910631627462976, 0.009282498202192993, 10.62849177528693, 14.317837146937302, 17.53616888610291, 34.58137492265166, 10.62849177528693, 0.014818059806902104, 3.865728946422124, 7.106491328529546, 36.37151009124794, 14.317837146937302, 3.865728946422124, 0.013508017754307688, 3.2505458698409817, 38.35867216203582, 17.53616888610291, 7.106491328529546, 3.2505458698409817, 0.010457850353751321], "finger_straight_table": [1.0, 0.0, 0.0, 0.0, 0.0], "bone_dot_table": [90.00000105055241, 8.161519243477327, 11.759332025807153, 11.771671665301039, 10.896532236058851, 9.305216611874526, 12.503320230629967, 12.511075900497879, 10.671300368849565, 8.629428286958259, 12.65075861470985, 10.625923260690724, 3.570427949327779, 12.156746504318736, 9.887114916110626]}, {"fingertip_distance_table": [0.0, 84.4023540685673, 103.12518303121496, 109.65595751395396, 114.16794808691117, 84.4023540685673, 0.0, 31.825980220043142, 51.98417983688048, 74.28939637072632, 103.12518303121496, 31.825980220043142, 0.0, 23.380699245668833, 50.917548329542264, 109.65595751395396, 51.98417983688048, 23.380699245668833, 0.0, 28.821087170847058, 114.16794808691117, 74.28939637072632, 50.917548329542264, 28.821087170847058, 0.0], "finger_dot_table": [0.005083222946206273, 18.307019182008744, 22.306537936190594, 22.649135045124066, 26.17271967663355, 18.307019182008744, 0.0, 8.327006763122151, 9.416807246028899, 9.254066180970641, 22.306537936190594, 8.327006763122151, 0.0, 1.168041452377448, 5.10467330790279, 22.649135045124066, 9.416807246028899, 1.168041452377448, 0.020441105685016805, 5.7610288414427595, 26.17271967663355, 9.254066180970641, 5.10467330790279, 5.7610288414427595, 0.0057293227897694116], "finger_straight_table": [1.0, 0.0, 0.0, 0.0, 0.0], "bone_dot_table": [90.00000105055241, 11.358263855158771, 10.49751748712659, 9.938641459586597, 19.433278685136404, 16.273083080059152, 9.428924769147145, 21.47959111229554, 17.794882110959197, 4.455993729651946, 21.60239521764147, 17.701497343360817, 4.511066515846671, 18.655733738654803, 15.132233853686031]}, {"fingertip_distance_table": [0.0, 68.64226849715808, 86.45931396308171, 91.5075673153398, 100.37985116877665, 68.64226849715808, 0.0, 24.614570994460863, 43.11558847695718, 63.79483409406083, 86.45931396308171, 24.614570994460863, 0.0, 22.73455045236184, 47.02050575038895, 91.5075673153398, 43.11558847695718, 22.73455045236184, 0.0, 26.23002346089628, 100.37985116877665, 63.79483409406083, 47.02050575038895, 26.23002346089628, 0.0], "finger_dot_table": [0.00864639905597867, 19.91280010417214, 20.15466016703389, 21.89576482520375, 12.991227324000414, 19.91280010417214, 0.014199441059038146, 0.3181055291767025, 4.374782455073655, 10.025047184305118, 20.15466016703389, 0.3181055291767025, 0.0, 4.09534200064225, 10.341524608737835, 21.89576482520375, 4.374782455073655, 4.09534200064225, 0.009223698333127821, 13.889784658316737, 12.991227324000414, 10.025047184305118, 10.341524608737835, 13.889784658316737, 0.00990793264365431], "finger_straight_table": [1.0, 0.0, 0.0, 0.0, 0.0], "bone_dot_table": [90.00000105055241, 12.357772185807997, 8.247556462634225, 9.024180676981766, 28.652382703277617, 22.087116164626185, 7.853862546866385, 29.203348758246186, 22.619508481911296, 7.6538537970535065, 32.456380285816365, 24.814380378218573, 9.14649764441241, 26.803813206652094, 20.75135485809815]}, {"fingertip_distance_table": [0.0, 59.72902373635772, 83.81552983697654, 80.25487587977177, 88.93583253145177, 59.72902373635772, 0.0, 26.7431750242453, 37.61045851473768, 58.09725055867937, 83.81552983697654, 26.7431750242453, 0.0, 26.2848184719893, 46.582907623579814, 80.25487587977177, 37.61045851473768, 26.2848184719893, 0.0, 25.18510882063796, 88.93583253145177, 58.09725055867937, 46.582907623579814, 25.18510882063796, 0.0], "finger_dot_table": [0.0, 30.500349513994376, 20.9310472937875, 31.799340659467003, 22.624821477627812, 30.500349513994376, 0.0, 11.017494226026926, 7.7009322466290016, 10.929818231033773, 20.9310472937875, 11.017494226026926, 0.0, 16.103893588274413, 11.138993730236066, 31.799340659467003, 7.7009322466290016, 16.103893588274413, 0.0, 9.241928296256766, 22.624821477627812, 10.929818231033773, 11.138993730236066, 9.241928296256766, 0.003316441760439632], "finger_straight_table": [1.0, 0.0, 0.0, 0.0, 0.0], "bone_dot_table": [90.00000105055241, 12.55037306921738, 6.259962426075395, 16.36281887697802, 32.2826684049781, 23.648904853683273, 8.240211236593044, 29.55706512534364, 22.825128876702102, 17.15493402129181, 35.95790562625532, 25.984978694885854, 17.309832007375277, 35.38006363362596, 25.757997204542896]}, {"fingertip_distance_table": [0.0, 56.14074104491437, 38.84010971800187, 63.17087059458461, 74.85237071874678, 56.14074104491437, 0.0, 49.28111040366905, 38.837476478285964, 59.06351755336291, 38.84010971800187, 49.28111040366905, 0.0, 32.636513701628644, 45.72997884581536, 63.17087059458461, 38.837476478285964, 32.636513701628644, 0.0, 25.1136414732635, 74.85237071874678, 59.06351755336291, 45.72997884581536, 25.1136414732635, 0.0], "finger_dot_table": [0.0, 26.004718227516037, 83.9626952597656, 45.25180160550676, 38.17972741870654, 26.004718227516037, 0.011693933553995808, 60.64560163958392, 23.351124388302924, 20.037375363909096, 83.9626952597656, 60.64560163958392, 0.0, 38.72633845530496, 46.041435936772615, 45.25180160550676, 23.351124388302924, 38.72633845530496, 0.01415440174011432, 8.509952274756648, 38.17972741870654, 20.037375363909096, 46.041435936772615, 8.509952274756648, 0.0], "finger_straight_table": [0.0, 0.0, 0.0, 0.0, 0.0], "bone_dot_table": [90.00000105055241, 15.213551792202367, 2.354437614205509, 14.673196748826493, 31.149994109630914, 23.03224519357466, 45.35126059162219, 59.210664168225236, 29.77757948122721, 25.924695095619597, 42.41807190766211, 29.04483552401582, 25.713078465303198, 42.583329811397306, 29.27851197552286]}, {"fingertip_distance_table": [0.0, 10.188535066936135, 19.71743679324266, 41.50704050111072, 52.75192533634577, 10.188535066936135, 0.0, 12.572150678574575, 34.697501465846265, 49.91709680355927, 19.71743679324266, 12.572150678574575, 0.0, 25.099591189025627, 41.33725767510725, 41.50704050111072, 34.697501465846265, 25.099591189025627, 0.0, 23.775892710331284, 52.75192533634577, 49.91709680355927, 41.33725767510725, 23.775892710331284, 0.0], "finger_dot_table": [0.0, 81.63729872610344, 81.16688631316791, 53.71180835578282, 48.83750688009258, 81.63729872610344, 0.0, 11.642585386631232, 34.72272969489874, 44.25794331426599, 81.16688631316791, 11.642585386631232, 0.019228001718692354, 29.19330786518042, 37.65737466588892, 53.71180835578282, 34.72272969489874, 29.19330786518042, 0.017720686637471696, 9.799838641803412, 48.83750688009258, 44.25794331426599, 37.65737466588892, 9.799838641803412, 0.0], "finger_straight_table": [0.0, 0.0, 0.0, 0.0, 0.0], "bone_dot_table": [90.00000105055241, 23.988826880838747, 22.33091888784843, 48.184119225436866, 59.591339952830445, 33.14699790764578, 45.784192221395834, 59.538333351275256, 29.854306408923147, 31.796984560200148, 46.95172861330194, 30.90475982622944, 31.48042382720367, 46.456449009374154, 30.696467095368554]}, {"fingertip_distance_table": [0.0, 16.955970871084663, 16.118267214978854, 38.4694005812384, 45.11501097607649, 16.955970871084663, 0.0, 12.576264390636197, 38.6028552972384, 53.243092440471706, 16.118267214978854, 12.576264390636197, 0.0, 28.714574763968, 44.03072115229967, 38.4694005812384, 38.6028552972384, 28.714574763968, 0.0, 25.17499374550124, 45.11501097607649, 53.243092440471706, 44.03072115229967, 25.17499374550124, 0.0], "finger_dot_table": [0.0, 78.22340307155346, 80.20921239326799, 53.428689438120074, 54.48300919310506, 78.22340307155346, 0.0037567917195091634, 11.65031444570451, 35.386729627261225, 40.520312233176284, 80.20921239326799, 11.65031444570451, 0.0, 30.62018729285307, 34.14648908315967, 53.428689438120074, 35.386729627261225, 30.62018729285307, 0.0, 6.780734185514878, 54.48300919310506, 40.520312233176284, 34.14648908315967, 6.780734185514878, 0.0], "finger_straight_table": [0.0, 0.0, 0.0, 0.0, 0.0], "bone_dot_table": [90.00000105055241, 26.584194267409774, 20.009537412696407, 48.18729337269138, 59.64634893221687, 33.59572877992915, 45.93582490502001, 59.65308270020555, 29.881167084394605, 29.997516797617894, 46.730964660961355, 31.017045570356938, 32.71780856972669, 47.61332864896932, 31.085924824752336]}, {"fingertip_distance_table": [0.0, 21.080427821126197, 17.87443046003095, 39.46147950919796, 45.34691033343674, 21.080427821126197, 0.0, 12.706617314148685, 41.252984336527135, 56.148243691633034, 17.87443046003095, 12.706617314148685, 0.0, 30.851702390427658, 46.63739666838095, 39.46147950919796, 41.252984336527135, 30.851702390427658, 0.0, 25.348254153177905, 45.34691033343674, 56.148243691633034, 46.63739666838095, 25.348254153177905, 0.0], "finger_dot_table": [0.0, 76.59830815949483, 79.01170175475916, 52.76341296792619, 54.2441405863795, 76.59830815949483, 0.0, 11.794148818617222, 34.70885984197416, 39.55646725802163, 79.01170175475916, 11.794148818617222, 0.0, 30.15190279747572, 33.29006782903676, 52.76341296792619, 34.70885984197416, 30.15190279747572, 0.01594858975851959, 6.648291306704393, 54.2441405863795, 39.55646725802163, 33.29006782903676, 6.648291306704393, 0.007834061827297572], "finger_straight_table": [0.0, 0.0, 0.0, 0.0, 0.0], "bone_dot_table": [90.00000105055241, 25.977637036835482, 19.806650448452206, 48.064197333182854, 60.029116086670136, 34.208286659913185, 46.01439926506977, 59.712556803962904, 29.895093314496638, 30.466689635648372, 46.935199117821035, 31.136500472903183, 34.62491527407062, 47.81264578792392, 31.237090772824352]}, {"fingertip_distance_table": [0.0, 21.093553761340452, 17.763050755503986, 39.38840485804873, 45.71956160134779, 21.093553761340452, 0.0, 12.756822277671171, 41.57012711290252, 56.54009521716846, 17.763050755503986, 12.756822277671171, 0.0, 30.966097233036084, 46.924744771709115, 39.38840485804873, 41.57012711290252, 30.966097233036084, 0.0, 25.17558185911537, 45.71956160134779, 56.54009521716846, 46.924744771709115, 25.17558185911537, 0.0], "finger_dot_table": [0.0, 76.50056169957568, 78.72688975046051, 52.548915685618226, 53.65925165052655, 76.50056169957568, 0.006756971524762213, 11.88362590353321, 34.29535755094705, 39.38450072473239, 78.72688975046051, 11.88362590353321, 0.017363401228801607, 29.69955195073863, 33.082527751703516, 52.548915685618226, 34.29535755094705, 29.69955195073863, 0.0, 6.729667971269476, 53.65925165052655, 39.38450072473239, 33.082527751703516, 6.729667971269476, 0.019878632574294473], "finger_straight_table": [0.0, 0.0, 0.0, 0.0, 0.0], "bone_dot_table": [90.00000105055241, 24.38342617774138, 20.164627641822975, 48.15899405790575, 60.04594614316229, 34.37964586843833, 46.062712659681495, 59.749104786246804, 29.903641119945664, 31.15117525937408, 46.92266223814099, 31.02481532746551, 35.6260512294217, 47.488102861582334, 30.926536931289373]}, {"fingertip_distance_table": [0.0, 21.28088440608348, 18.668285993240424, 37.47554304547733, 43.692226417660486, 21.28088440608348, 0.0, 13.320973789730846, 41.769456718340805, 56.21671403606565, 18.668285993240424, 13.320973789730846, 0.0, 30.087073315348665, 46.60259229280364, 37.47554304547733, 41.769456718340805, 30.087073315348665, 0.0, 24.911199867577, 43.692226417660486, 56.21671403606565, 46.60259229280364, 24.911199867577, 0.0], "finger_dot_table": [0.0, 78.64028247841924, 78.69916612243502, 54.07789000830579, 55.11330700794266, 78.64028247841924, 0.0, 13.103043339153386, 35.90397790805056, 41.43875773827438, 78.69916612243502, 13.103043339153386, 0.01197822777836688, 28.391775247573165, 32.27902865605779, 54.07789000830579, 35.90397790805056, 28.391775247573165, 0.0, 7.103352736051086, 55.11330700794266, 41.43875773827438, 32.27902865605779, 7.103352736051086, 0.0], "finger_straight_table": [0.0, 0.0, 0.0, 0.0, 0.0], "bone_dot_table": [90.00000105055241, 23.773245185186187, 19.52658338891498, 50.412680483840326, 60.62206347686397, 34.47805593648235, 46.095496646111165, 59.77391903621294, 29.909445407325222, 32.58679983551917, 46.95930802590821, 30.761163911111982, 36.72733039967339, 47.66911249827912, 30.851772333498314]}, {"fingertip_distance_table": [0.0, 25.646364977336162, 22.363313859882073, 35.800723518322236, 39.51629688904186, 25.646364977336162, 0.0, 13.888243890550534, 41.57441939481015, 55.744907711754806, 22.363313859882073, 13.888243890550534, 0.0, 29.32793148806509, 46.21549278316299, 35.800723518322236, 41.57441939481015, 29.32793148806509, 0.0, 24.99760036409399, 39.51629688904186, 55.744907711754806, 46.21549278316299, 24.99760036409399, 0.0], "finger_dot_table": [0.012794766550696968, 79.42573924492835, 78.71877987452092, 56.012337271568406, 57.86821887659865, 79.42573924492835, 0.013685953660043064, 14.165294923432919, 36.965175140557136, 42.46418282748016, 78.71877987452092, 14.165294923432919, 0.0, 27.451357396105525, 31.277606451154035, 56.012337271568406, 36.965175140557136, 27.451357396105525, 0.0, 7.308203584200719, 57.86821887659865, 42.46418282748016, 31.277606451154035, 7.308203584200719, 0.010401230937534919], "finger_straight_table": [0.0, 0.0, 0.0, 0.0, 0.0], "bone_dot_table": [90.00000105055241, 24.073166225346885, 22.130430524860966, 51.366528658424535, 61.59031308614812, 34.85851646695188, 46.11923417718073, 59.791880241367686, 29.913664643867296, 33.52867056757233, 47.03887682526905, 30.61160750492733, 38.344551747673165, 47.71637755909779, 30.60766715746478]}, {"fingertip_distance_table": [0.0, 27.856588680098152, 24.76887734928454, 34.39308678174837, 35.6600516272806, 27.856588680098152, 0.0, 15.06183431024087, 41.60312698985723, 54.22685250482726, 24.76887734928454, 15.06183431024087, 0.0, 28.476239879720442, 44.89925826478222, 34.39308678174837, 41.60312698985723, 28.476239879720442, 0.0, 24.491061371544617, 35.6600516272806, 54.22685250482726, 44.89925826478222, 24.491061371544617, 0.0], "finger_dot_table": [0.01133357051816134, 81.77422854664658, 78.77226133164835, 57.40193235885941, 60.475661605033736, 81.77422854664658, 0.015743048253937877, 16.355860371050863, 39.50596427268202, 44.740337906454414, 78.77226133164835, 16.355860371050863, 0.01267765258991115, 26.629576495112808, 30.118024046523754, 57.40193235885941, 39.50596427268202, 26.629576495112808, 0.0, 7.835146065337255, 60.475661605033736, 44.740337906454414, 30.118024046523754, 7.835146065337255, 0.012366434437658653], "finger_straight_table": [0.0, 0.0, 0.0, 0.0, 0.0], "bone_dot_table": [90.00000105055241, 22.851916985739532, 20.982542560966387, 52.69753215761431, 63.59332040554308, 35.648494405088826, 46.137220356732726, 59.805491961176166, 29.916853422385998, 34.669017631716486, 46.76502619845105, 30.18501105775955, 40.27693688206626, 47.263311211743776, 29.829822365847345]}, {"fingertip_distance_table": [0.0, 29.81853527493902, 26.62928356033527, 32.44390152015292, 32.86933241961795, 29.81853527493902, 0.0, 15.591194348273604, 40.23232599114449, 52.787541170998274, 26.62928356033527, 15.591194348273604, 0.0, 26.731399479702663, 43.59080699587434, 32.44390152015292, 40.23232599114449, 26.731399479702663, 0.0, 23.82277258552939, 32.86933241961795, 52.787541170998274, 43.59080699587434, 23.82277258552939, 0.0], "finger_dot_table": [0.005951409674001799, 82.30622065777546, 79.15043458611125, 60.384381793275935, 63.502428767926254, 82.30622065777546, 0.006241460214906521, 17.402420788831748, 39.588455973416096, 45.61790319382397, 79.15043458611125, 17.402420788831748, 0.0, 25.045910321251966, 29.468433446068676, 60.384381793275935, 39.588455973416096, 25.045910321251966, 0.0, 8.279225874040398, 63.502428767926254, 45.61790319382397, 29.468433446068676, 8.279225874040398, 0.006549647579074047], "finger_straight_table": [0.0, 0.0, 0.0, 0.0, 0.0], "bone_dot_table": [90.00000105055241, 25.504773932622353, 16.227087318692508, 52.77261554821351, 64.97441225283174, 36.41521801192584, 46.15133775444813, 59.816170874309115, 29.91934218815777, 36.87021782932171, 46.17356763427902, 29.3209310174684, 41.533374495085354, 46.55983599355101, 28.98994304266873]}, {"fingertip_distance_table": [0.0, 30.480147129428094, 27.05062238713425, 32.15517736360718, 31.786979521455283, 30.480147129428094, 0.0, 15.668901258224185, 39.98553083118847, 52.19654345247696, 27.05062238713425, 15.668901258224185, 0.0, 26.466035261290617, 43.06000700364167, 32.15517736360718, 39.98553083118847, 26.466035261290617, 0.0, 23.668308070811207, 31.786979521455283, 52.19654345247696, 43.06000700364167, 23.668308070811207, 0.0], "finger_dot_table": [0.0, 82.41411847611933, 79.35687322137366, 60.96291098070743, 64.63513101651249, 82.41411847611933, 0.0, 17.607883916998812, 39.81026697674026, 45.65736056868165, 79.35687322137366, 17.607883916998812, 0.0, 24.988988493121305, 29.17794328245229, 60.96291098070743, 39.81026697674026, 24.988988493121305, 0.0, 8.408704681027485, 64.63513101651249, 45.65736056868165, 29.17794328245229, 8.408704681027485, 0.0], "finger_straight_table": [0.0, 0.0, 0.0, 0.0, 0.0], "bone_dot_table": [90.00000105055241, 26.131655091397747, 14.104922514605736, 52.37459387082568, 65.65418986096103, 36.92140824651011, 46.16271327460347, 59.824783673436464, 29.921372139961544, 37.16323636818573, 45.9300869982101, 29.096017925308406, 42.01740367974165, 46.36522460027145, 28.71494204046879]}, {"fingertip_distance_table": [0.0, 29.84984067168516, 26.428735055094783, 32.66579976549776, 32.887675052932615, 29.84984067168516, 0.0, 15.563154566686581, 40.0370031100065, 52.34471308588084, 26.428735055094783, 15.563154566686581, 0.0, 26.596150105873658, 43.116756904195306, 32.66579976549776, 40.0370031100065, 26.596150105873658, 0.0, 23.642209012513486, 32.887675052932615, 52.34471308588084, 43.116756904195306, 23.642209012513486, 0.0], "finger_dot_table": [0.009650084565754214, 82.22220417881496, 79.20515670885048, 60.226390232955666, 63.47851100281114, 82.22220417881496, 0.0, 17.451450576040582, 39.951922668797984, 45.8708853702675, 79.20515670885048, 17.451450576040582, 0.0, 25.426383212808634, 29.71748826701232, 60.226390232955666, 39.951922668797984, 25.426383212808634, 0.0, 8.23654612516096, 63.47851100281114, 45.8708853702675, 29.71748826701232, 8.23654612516096, 0.0028074902816201727], "finger_straight_table": [0.0, 0.0, 0.0, 0.0, 0.0], "bone_dot_table": [90.00000105055241, 26.648601729780793, 16.188172211049917, 51.80016024952511, 65.99349716686221, 37.287432031280254, 46.172063646989166, 59.83186158680173, 29.92300969237045, 37.220806549718354, 45.42188125944661, 28.759773555901123, 41.79218980739495, 45.720232756588416, 28.339960921183224]}, {"fingertip_distance_table": [0.0, 27.184954646190214, 25.382531990426507, 33.523853843366425, 34.446714464736075, 27.184954646190214, 0.0, 16.665569020056537, 40.55784665138848, 51.79435764548661, 25.382531990426507, 16.665569020056537, 0.0, 26.54030507783901, 42.668310249292325, 33.523853843366425, 40.55784665138848, 26.54030507783901, 0.0, 23.14767788793059, 34.446714464736075, 51.79435764548661, 42.668310249292325, 23.14767788793059, 0.0], "finger_dot_table": [0.005367183835975075, 84.42884478524218, 79.4827741313674, 60.80671583344873, 64.16854256813696, 84.42884478524218, 0.0, 19.712460533997007, 42.58934779714803, 48.57279633894235, 79.4827741313674, 19.712460533997007, 0.01685460372013378, 25.299497248003377, 29.75254766239424, 60.80671583344873, 42.58934779714803, 25.299497248003377, 0.004156771335310663, 8.423292161025827, 64.16854256813696, 48.57279633894235, 29.75254766239424, 8.423292161025827, 0.0], "finger_straight_table": [0.0, 0.0, 0.0, 0.0, 0.0], "bone_dot_table": [90.00000105055241, 31.789776815353367, 21.416974211504776, 52.05538757745076, 68.5437320413788, 38.643680302844515, 46.17991372914632, 59.837799923613986, 29.924420044769416, 37.18088298370887, 45.60709981666168, 28.884313595912577, 40.94918059491026, 46.189193067449615, 28.699352043873088]}, {"fingertip_distance_table": [0.0, 22.436445502590217, 22.34714664018707, 33.34745175743033, 36.786590730682846, 22.436445502590217, 0.0, 18.002687168836182, 40.6910275512403, 51.04357870865744, 22.34714664018707, 18.002687168836182, 0.0, 26.05962884630636, 42.155966595848035, 33.34745175743033, 40.6910275512403, 26.05962884630636, 0.0, 22.673312703477343, 36.786590730682846, 51.04357870865744, 42.155966595848035, 22.673312703477343, 0.0], "finger_dot_table": [0.0, 87.97920580053574, 78.87316618276729, 60.0957026409392, 62.92859368750312, 87.97920580053574, 0.012911979181928736, 22.37986804740437, 44.55754332074713, 50.771663532337115, 78.87316618276729, 22.37986804740437, 0.0, 23.9926885954815, 28.832375473829664, 60.0957026409392, 44.55754332074713, 23.9926885954815, 0.018719852250246263, 8.815499656343304, 62.92859368750312, 50.771663532337115, 28.832375473829664, 8.815499656343304, 0.0], "finger_straight_table": [0.0, 0.0, 0.0, 0.0, 0.0], "bone_dot_table": [90.00000105055241, 29.35585667416452, 26.058774447734635, 53.257466250886026, 70.488675855634, 39.35484248544219, 46.1865840139676, 59.84284624825948, 29.925614113602208, 36.73390686099691, 47.427643007915854, 30.12630963773825, 40.47302898709774, 47.806885744147955, 29.735425672196886]}, {"fingertip_distance_table": [0.0, 23.80937491889039, 15.177270422385329, 31.60492074770994, 34.74353650187283, 23.80937491889039, 0.0, 12.16369117264004, 39.069689931125964, 49.44004542824278, 15.177270422385329, 12.16369117264004, 0.0, 28.916392716192483, 39.885942043990795, 31.60492074770994, 39.069689931125964, 28.916392716192483, 0.0, 21.625410956881666, 34.74353650187283, 49.44004542824278, 39.885942043990795, 21.625410956881666, 0.0], "finger_dot_table": [0.0, 87.17696245889658, 90.24572144631323, 62.74157796450218, 65.79069124074732, 87.17696245889658, 0.017189486611982028, 14.440214155154203, 41.71371364898609, 48.62857986666277, 90.24572144631323, 14.440214155154203, 0.0, 34.262764142456426, 38.87738134728805, 62.74157796450218, 41.71371364898609, 34.262764142456426, 0.0, 9.440684089150881, 65.79069124074732, 48.62857986666277, 38.87738134728805, 9.440684089150881, 0.012649024266166918], "finger_straight_table": [0.0, 0.0, 0.0, 0.0, 0.0], "bone_dot_table": [90.00000105055241, 28.37819136452372, 29.664780320338842, 52.80186778368718, 70.28208858199955, 39.38113051027314, 50.806701669055634, 68.32360495497268, 37.94776928167741, 36.588172479714714, 50.442893166223776, 32.05940833635509, 39.90258083379392, 50.756194642872394, 31.546821918005662]}, {"fingertip_distance_table": [0.0, 21.237140980159882, 11.799948259608815, 31.410084421931586, 33.84375848657005, 21.237140980159882, 0.0, 11.781037593007076, 38.0229170687773, 46.82912640920756, 11.799948259608815, 11.781037593007076, 0.0, 28.774624180165908, 37.15362481577831, 31.410084421931586, 38.0229170687773, 28.774624180165908, 0.0, 21.13138800681239, 33.84375848657005, 46.82912640920756, 37.15362481577831, 21.13138800681239, 0.0], "finger_dot_table": [0.0143606933816923, 88.98823848056503, 93.64625850069645, 63.84566512952732, 69.38745489903556, 88.98823848056503, 0.008674559510333687, 14.145616843720864, 40.614897046252096, 45.87553884475879, 93.64625850069645, 14.145616843720864, 0.008353353485007424, 35.429878021349886, 37.48356567963649, 63.84566512952732, 40.614897046252096, 35.429878021349886, 0.0, 10.200699778674494, 69.38745489903556, 45.87553884475879, 37.48356567963649, 10.200699778674494, 0.0], "finger_straight_table": [0.0, 0.0, 0.0, 0.0, 0.0], "bone_dot_table": [90.00000105055241, 26.256594337202962, 39.57982346027932, 52.578463486133025, 71.2894544692179, 40.02484258880358, 51.50064203332329, 71.11940315529553, 40.01276141809884, 35.901442635362656, 53.45339023283252, 34.122366203575154, 41.56325237209174, 54.33618337306672, 33.243664635634]}, {"fingertip_distance_table": [0.0, 14.156031447048868, 7.317671659523526, 32.76994666922271, 39.406566008209424, 14.156031447048868, 0.0, 11.760775131518251, 36.666618401139964, 46.48029283786878, 7.317671659523526, 11.760775131518251, 0.0, 27.452337977915832, 36.80275565881597, 32.76994666922271, 36.666618401139964, 27.452337977915832, 0.0, 20.56043923257327, 39.406566008209424, 46.48029283786878, 36.80275565881597, 20.56043923257327, 0.0], "finger_dot_table": [0.014077735888620903, 92.17293646144329, 94.79085578004818, 64.24553916597337, 66.699626276672, 92.17293646144329, 0.002274219694823231, 14.079055915688722, 38.74060237393745, 45.245676487327394, 94.79085578004818, 14.079055915688722, 0.017423851833630093, 33.38802748741827, 36.92713973057977, 64.24553916597337, 38.74060237393745, 33.38802748741827, 0.009365696220624178, 10.003682318780161, 66.699626276672, 45.245676487327394, 36.92713973057977, 10.003682318780161, 0.013698729304935637], "finger_straight_table": [0.0, 0.0, 0.0, 0.0, 0.0], "bone_dot_table": [90.00000105055241, 19.95959842815396, 47.59346690720095, 52.46778806688371, 71.7101608401313, 40.297535298448516, 51.46969755581801, 71.72620032521263, 40.493611022567265, 35.376912653474534, 56.59137449073813, 36.23338153528995, 41.281351205646864, 55.76819521042026, 34.183556664354754]}, {"fingertip_distance_table": [0.0, 18.02813684616607, 8.186142599835284, 31.00703191656861, 35.620327449007824, 18.02813684616607, 0.0, 11.532804662790149, 37.431888700829035, 46.12787595492637, 8.186142599835284, 11.532804662790149, 0.0, 28.84492940601882, 36.48054730236352, 31.00703191656861, 37.431888700829035, 28.84492940601882, 0.0, 20.562443981045547, 35.620327449007824, 46.12787595492637, 36.48054730236352, 20.562443981045547, 0.0], "finger_dot_table": [0.0, 95.02123812839824, 99.32807082272937, 66.09343555043269, 69.80904350013796, 95.02123812839824, 0.0, 14.122997843398501, 42.65062019487232, 48.426976744181225, 99.32807082272937, 14.122997843398501, 0.0, 37.878296247100074, 40.73748703103085, 66.09343555043269, 42.65062019487232, 37.878296247100074, 0.014712632121372558, 9.924553161812758, 69.80904350013796, 48.426976744181225, 40.73748703103085, 9.924553161812758, 0.016468991233088322], "finger_straight_table": [0.0, 0.0, 0.0, 0.0, 0.0], "bone_dot_table": [90.00000105055241, 24.217677963183334, 46.31258469178234, 53.507636529170775, 75.36384733692243, 41.98715695356951, 52.43282898757638, 75.71271515487433, 42.52602348226866, 34.43632998307541, 57.89202019916556, 37.303340466652685, 40.240747215756095, 57.42757213368174, 35.46640543930199]}, {"fingertip_distance_table": [0.0, 26.189340997768536, 15.459693997635766, 30.04112609252131, 30.99354985048135, 26.189340997768536, 0.0, 11.623983878329716, 37.07271707713655, 45.49616954740001, 15.459693997635766, 11.623983878329716, 0.0, 28.598592553013976, 35.886272463442054, 30.04112609252131, 37.07271707713655, 28.598592553013976, 0.0, 20.011128709464362, 30.99354985048135, 45.49616954740001, 35.886272463442054, 20.011128709464362, 0.0], "finger_dot_table": [0.020644183650833398, 94.92465250618196, 101.06786288127245, 69.28966348880063, 73.05790575199335, 94.92465250618196, 0.0, 14.10344522704922, 43.92780151675636, 49.91938445418253, 101.06786288127245, 14.10344522704922, 0.013002138071592412, 39.3036043475359, 42.696285777945754, 69.28966348880063, 43.92780151675636, 39.3036043475359, 0.007251246283871912, 9.377615158158125, 73.05790575199335, 49.91938445418253, 42.696285777945754, 9.377615158158125, 0.013132223377258338], "finger_straight_table": [0.0, 0.0, 0.0, 0.0, 0.0], "bone_dot_table": [90.00000105055241, 27.349676437271015, 50.64357625442087, 53.254537704498446, 78.3844436479427, 43.76424384066283, 52.48419994460455, 78.5493441064269, 44.12981197717611, 34.25365890733244, 59.47475830050458, 38.35616816337772, 38.662559654738914, 59.50644033991973, 37.204564717554085]}, {"fingertip_distance_table": [0.0, 34.884937737488094, 23.952929316017084, 32.53435434101048, 30.376131605755322, 34.884937737488094, 0.0, 12.44407770709249, 35.941687083408766, 46.15419337619807, 23.952929316017084, 12.44407770709249, 0.0, 26.601789076929524, 36.00585068839169, 32.53435434101048, 35.941687083408766, 26.601789076929524, 0.0, 19.358719244669743, 30.376131605755322, 46.15419337619807, 36.00585068839169, 19.358719244669743, 0.0], "finger_dot_table": [0.0, 88.34608597017453, 97.55604834942142, 73.0085955820583, 76.07285009850771, 88.34608597017453, 0.011722689268069542, 14.959804504696645, 39.34321378053102, 47.144263728052124, 97.55604834942142, 14.959804504696645, 0.006072262489356511, 34.860941818492115, 40.20595850358626, 73.0085955820583, 39.34321378053102, 34.860941818492115, 0.0, 9.387337524801861, 76.07285009850771, 47.144263728052124, 40.20595850358626, 9.387337524801861, 0.0], "finger_straight_table": [0.0, 0.0, 0.0, 0.0, 0.0], "bone_dot_table": [90.00000105055241, 32.473247300331586, 54.94001966992979, 49.107377818557325, 78.27003423414021, 45.183529990985086, 49.55033132759438, 78.2698569362344, 45.01982566090189, 32.560165049218384, 62.47382564691001, 40.77744055823514, 35.9319737145675, 61.762619183532955, 39.44656298704543]}, {"fingertip_distance_table": [0.0, 37.030562396581075, 27.3911435835813, 33.731647824344904, 34.56907210193474, 37.030562396581075, 0.0, 14.95578311144223, 37.03317691522685, 51.452796602296175, 27.3911435835813, 14.95578311144223, 0.0, 23.03462143634949, 38.00166277036069, 33.7316478243449