[{"fingertip_distance_table": [0.0, 99.94939098704134, 116.83110611437152, 127.84887772449983, 138.56782828954826, 99.94939098704134, 0.0, 18.49393601907995, 40.518199648360316, 71.67874003447696, 116.83110611437152, 18.49393601907995, 0.0, 26.23870929397117, 60.99170289726272, 127.84887772449983, 40.518199648360316, 26.23870929397117, 0.0, 35.981514782815424, 138.56782828954826, 71.67874003447696, 60.99170289726272, 35.981514782815424, 0.0], "finger_dot_table": [0.0, 48.33243878376736, 45.81966572842119, 49.05310563065166, 61.36241306547439, 48.33243878376736, 0.013868658939834941, 2.5156485076524886, 0.9756044656800056, 14.117042646163547, 45.81966572842119, 2.5156485076524886, 0.0, 3.2754654009539594, 16.38983825953565, 49.05310563065166, 0.9756044656800056, 3.2754654009539594, 0.0, 13.192128552689857, 61.36241306547439, 14.117042646163547, 16.38983825953565, 13.192128552689857, 0.0], "finger_straight_table": [1.0, 1.0, 1.0, 0.0, 1.0], "bone_dot_table": [90.00000105055241, 0.7064002168688913, 2.479613341346893, 10.898905311972433, 5.115584401307245, 2.9437611802042802, 1.2819412356829756, 3.519132617652524, 2.851195649581664, 9.82096933747551, 11.77556595149695, 10.114587297640846, 6.857907835080968, 6.30773972109539, 5.266196867344355]}, {"fingertip_distance_table": [0.0, 105.67038828506539, 123.32766380756281, 139.27427380895261, 148.7643821946087, 105.67038828506539, 0.0, 19.44931637882001, 48.21544626148527, 78.52436152583466, 123.32766380756281, 19.44931637882001, 0.0, 32.894453808851985, 67.57442377257715, 139.27427380895261, 48.21544626148527, 32.894453808851985, 0.0, 36.74733428304373, 148.7643821946087, 78.52436152583466, 67.57442377257715, 36.74733428304373, 0.0], "finger_dot_table": [0.0, 53.41136703352065, 50.80016008405312, 60.85276077468652, 73.72770604287797, 53.41136703352065, 0.0, 4.944877220865457, 10.293311505530351, 22.086985188125873, 50.80016008405312, 4.944877220865457, 0.00951409691967885, 10.38490903618441, 23.25451216905281, 60.85276077468652, 10.293311505530351, 10.38490903618441, 0.00967027440477209, 12.929115914144115, 73.72770604287797, 22.086985188125873, 23.25451216905281, 12.929115914144115, 0.0], "finger_straight_table": [1.0, 1.0, 1.0, 1.0, 1.0], "bone_dot_table": [90.00000105055241, 0.2609011739989323, 0.3360470902585554, 10.557267706982085, 5.040701928433156, 3.4810421798219116, 5.668148860178958, 3.3406339250144814, 2.7640364074027954, 8.12089767969397, 2.9501094563753183, 2.4941306706850916, 10.040376901350779, 3.120472704833614, 2.6256963776584152]}, {"fingertip_distance_table": [0.0, 98.80437929104026, 123.11471944224179, 141.06048149542656, 150.29042623491625, 98.80437929104026, 0.0, 29.631318280834357, 62.40211214494648, 91.851195587658, 123.11471944224179, 29.631318280834357, 0.0, 36.06833175531187, 70.36669442998573, 141.06048149542656, 62.40211214494648, 36.06833175531187, 0.0, 36.63606920692264, 150.29042623491625, 91.851195587658, 70.36669442998573, 36.63606920692264, 0.0], "finger_dot_table": [0.02281972529802979, 42.33391861807899, 50.12773781598418, 62.86260831202056, 75.69817936146974, 42.33391861807899, 0.0, 7.934410870856148, 20.764974410463367, 33.594807964213665, 50.12773781598418, 7.934410870856148, 0.0, 12.834853319344974, 25.676743129308676, 62.86260831202056, 20.764974410463367, 12.834853319344974, 0.020598668706088688, 12.85386167834371, 75.69817936146974, 33.594807964213665, 25.676743129308676, 12.85386167834371, 0.0], "finger_straight_table": [1.0, 1.0, 1.0, 1.0, 1.0], "bone_dot_table": [90.00000105055241, 0.8803349217784843, 0.9008261269899522, 6.293338992308924, 3.106396183395282, 2.523636416599581, 7.071326195760535, 3.142445830909337, 2.618080664621583, 8.071567170094921, 2.1833983201392524, 1.8322578621281775, 11.026592715946558, 3.212485937614017, 2.697255501739576]}, {"fingertip_distance_table": [0.0, 96.89630641014884, 121.57153200281749, 139.0018077942614, 148.93022987163798, 96.89630641014884, 0.0, 30.43956585008464, 62.499559655281296, 92.66835681185228, 121.57153200281749, 30.43956585008464, 0.0, 35.53508725878906, 70.62189568934552, 139.0018077942614, 62.499559655281296, 35.53508725878906, 0.0, 37.21676050216818, 148.93022987163798, 92.66835681185228, 70.62189568934552, 37.21676050216818, 0.0], "finger_dot_table": [0.017403052201882922, 39.99549634689063, 48.26070657717352, 60.57706415244913, 73.93714945703228, 39.99549634689063, 0.0, 8.649768756305736, 20.823174192295333, 34.26374116480788, 48.26070657717352, 8.649768756305736, 0.013196910589143518, 12.323156791826312, 25.740904996509155, 60.57706415244913, 20.823174192295333, 12.323156791826312, 0.01606825906347404, 13.441637803858516, 73.93714945703228, 34.26374116480788, 25.740904996509155, 13.441637803858516, 0.0], "finger_straight_table": [1.0, 1.0, 1.0, 1.0, 1.0], "bone_dot_table": [90.00000105055241, 3.142329455117146, 2.1650603908838106, 6.595562159922911, 2.9762065483163, 2.446001557258209, 7.741159033147558, 3.128745065993802, 2.6161741413181834, 7.052221615630134, 2.7023653039367366, 2.2480442389436077, 10.561549180263414, 3.5636520197443544, 2.9726837598955176]}, {"fingertip_distance_table": [0.0, 92.38457427678678, 118.0047292332992, 134.06872092393652, 144.5778553397569, 92.38457427678678, 0.0, 31.974439173109246, 62.17790711476205, 92.7267071187579, 118.0047292332992, 31.974439173109246, 0.0, 33.5436192322519, 69.10383551329615, 134.06872092393652, 62.17790711476205, 33.5436192322519, 0.0, 37.42756516384325, 144.5778553397569, 92.7267071187579, 69.10383551329615, 37.42756516384325, 0.0], "finger_dot_table": [0.004410236724441384, 35.685371967302814, 45.82365580690177, 56.53198331655797, 69.89191878598547, 35.685371967302814, 0.01333732892630948, 10.15876843393491, 20.863865868065094, 34.26927197379136, 45.82365580690177, 10.15876843393491, 0.011258261659462514, 10.70955823118181, 24.11101813179732, 56.53198331655797, 20.863865868065094, 10.70955823118181, 0.01823091186116131, 13.427651573397556, 69.89191878598547, 34.26927197379136, 24.11101813179732, 13.427651573397556, 0.0], "finger_straight_table": [1.0, 1.0, 1.0, 1.0, 1.0], "bone_dot_table": [90.00000105055241, 4.518433893085464, 0.5105048971776246, 8.681981478730018, 2.653522173805266, 2.2145717351479157, 7.377149042597023, 3.1629477923911216, 2.6402166330665278, 5.842166704627324, 3.059322231394879, 2.530475448931773, 8.833061764372767, 3.9370095177592517, 3.2496612947958616]}, {"fingertip_distance_table": [0.0, 71.73204112790016, 95.89198277325244, 107.69121062730885, 118.0697183276525, 71.73204112790016, 0.0, 32.62903551266435, 58.731920835313204, 88.1326393627406, 95.89198277325244, 32.62903551266435, 0.0, 29.750801342512307, 64.18626621993151, 107.69121062730885, 58.731920835313204, 29.750801342512307, 0.0, 35.853596329495524, 118.0697183276525, 88.1326393627406, 64.18626621993151, 35.853596329495524, 0.0], "finger_dot_table": [0.01529864390422738, 13.355840737313745, 23.894735783084478, 31.412634551413745, 42.31947980043933, 13.355840737313745, 0.0070870946427077485, 11.30416010651451, 19.969186786425446, 30.632008142787825, 23.894735783084478, 11.30416010651451, 0.0, 9.106393560044662, 19.401836433952923, 31.412634551413745, 19.969186786425446, 9.106393560044662, 0.0, 10.909096995302042, 42.31947980043933, 30.632008142787825, 19.401836433952923, 10.909096995302042, 0.0], "finger_straight_table": [0.0, 1.0, 1.0, 1.0, 1.0], "bone_dot_table": [90.00000105055241, 17.041568043790264, 5.321852440901446, 10.555255647245987, 2.413483892615883, 2.0409381450823085, 7.320212070973053, 3.7255868352714545, 3.110389767517833, 3.694953857116604, 6.536136155917753, 5.315605820326833, 3.1845634699283147, 7.756973034881868, 6.193457796855706]}, {"fingertip_distance_table": [0.0, 64.30777656731001, 81.35664130636613, 77.4256223006754, 82.28579823979267, 64.30777656731001, 0.0, 30.576281853199653, 56.52290547013293, 76.10264073605751, 81.35664130636613, 30.576281853199653, 0.0, 37.44206863096698, 57.16662518561717, 77.4256223006754, 56.52290547013293, 37.44206863096698, 0.0, 29.052010874502837, 82.28579823979267, 76.10264073605751, 57.16662518561717, 29.052010874502837, 0.0], "finger_dot_table": [0.014869660779156451, 16.385408125081586, 9.26648453461524, 20.5549970649519, 17.070941175409146, 16.385408125081586, 0.0, 10.160785322467596, 35.69893096146775, 32.758895917150184, 9.26648453461524, 10.160785322467596, 0.0, 29.796914205384923, 26.217755259480338, 20.5549970649519, 35.69893096146775, 29.796914205384923, 0.0, 4.040534130193024, 17.070941175409146, 32.758895917150184, 26.217755259480338, 4.040534130193024, 0.0], "finger_straight_table": [0.0, 1.0, 1.0, 0.0, 0.0], "bone_dot_table": [90.00000105055241, 33.31558444520239, 13.722555154479704, 14.570646832139111, 3.0073043459355917, 2.6095460733452085, 10.552223184679548, 4.731089718440535, 4.020576278833402, 11.110005207357393, 15.826679815526436, 11.932810071060002, 12.432110989560005, 16.849792757893777, 12.670169741661578]}, {"fingertip_distance_table": [0.0, 69.19239586417723, 81.68625526191408, 83.7625653064498, 81.5108705639689, 69.19239586417723, 0.0, 71.27205730445273, 51.23088746462019, 61.33821184639472, 81.68625526191408, 71.27205730445273, 0.0, 37.41741742600911, 54.87610438472555, 83.7625653064498, 51.23088746462019, 37.41741742600911, 0.0, 26.34801629347044, 81.5108705639689, 61.33821184639472, 54.87610438472555, 26.34801629347044, 0.0], "finger_dot_table": [0.015082140455433182, 84.01691333300337, 7.656277589077037, 39.235219950686634, 38.38041885001693, 84.01691333300337, 0.01900844284563251, 76.92361738460862, 45.520335817047396, 47.25149948239657, 7.656277589077037, 76.92361738460862, 0.0, 31.783821394977878, 30.79559223939041, 39.235219950686634, 45.520335817047396, 31.783821394977878, 0.0, 3.246934140565479, 38.38041885001693, 47.25149948239657, 30.79559223939041, 3.246934140565479, 0.010322489101414152], "finger_straight_table": [0.0, 0.0, 1.0, 0.0, 0.0], "bone_dot_table": [90.00000105055241, 41.51382446445082, 15.230663257511397, 29.784750375644748, 41.78776299179172, 17.922799954469223, 10.90228487794007, 5.443729603574013, 4.630951803529861, 11.339181485529416, 18.484355260383676, 13.970612607081954, 17.865761787494826, 19.793291151899282, 14.610442804164219]}, {"fingertip_distance_table": [0.0, 82.06800699296981, 87.6473119272577, 92.70897696789844, 86.81457497542415, 82.06800699296981, 0.0, 71.41999028322466, 53.6734490130634, 64.95969284718525, 87.6473119272577, 71.41999028322466, 0.0, 36.38857092314197, 51.72795142726129, 92.70897696789844, 53.6734490130634, 36.38857092314197, 0.0, 26.08517222931163, 86.81457497542415, 64.95969284718525, 51.72795142726129, 26.08517222931163, 0.0], "finger_dot_table": [0.0, 102.43891534025364, 23.642524393454536, 51.729997910586135, 43.73802673650894, 102.43891534025364, 0.011898465041822915, 79.72568302787033, 51.56782791344781, 60.45767827367346, 23.642524393454536, 79.72568302787033, 0.019617747358065988, 28.324599907753583, 20.09619930427821, 51.729997910586135, 51.56782791344781, 28.324599907753583, 0.010923105300238092, 9.16369158647221, 43.73802673650894, 60.45767827367346, 20.09619930427821, 9.16369158647221, 0.0], "finger_straight_table": [0.0, 0.0, 1.0, 0.0, 0.0], "bone_dot_table": [90.00000105055241, 42.27184762872926, 21.136690055652124, 34.437401281332725, 45.830387391544505, 19.51736625724, 8.048506560196673, 8.684282571623497, 7.2505201112155415, 11.379154034953453, 20.661636792678305, 15.589334920438384, 15.567734586461167, 21.318791398601707, 16.30640250996734]}, {"fingertip_distance_table": [0.0, 58.3149791351373, 45.35149866387075, 28.147347190129196, 39.046241920168306, 58.3149791351373, 0.0, 34.7019774737868, 75.75474616506018, 80.96752434109995, 45.35149866387075, 34.7019774737868, 0.0, 51.34826563309346, 58.11574586045829, 28.147347190129196, 75.75474616506018, 51.34826563309346, 0.0, 16.805346847403197, 39.046241920168306, 80.96752434109995, 58.11574586045829, 16.805346847403197, 0.0], "finger_dot_table": [0.019481320799038925, 24.868509439581388, 50.744396477289726, 106.92517264038774, 102.60196306455815, 24.868509439581388, 0.0, 33.943683799410344, 91.17308721278685, 84.2552423824485, 50.744396477289726, 33.943683799410344, 0.01064796576518665, 57.77261081598719, 52.07603986021885, 106.92517264038774, 91.17308721278685, 57.77261081598719, 0.0, 9.972081336001553, 102.60196306455815, 84.2552423824485, 52.07603986021885, 9.972081336001553, 0.0], "finger_straight_table": [0.0, 0.0, 0.0, 0.0, 0.0], "bone_dot_table": [90.00000105055241, 42.1004213419712, 27.21937151962324, 14.262052728713444, 19.044041831029055, 11.909017505553576, 33.007063254483285, 34.58205946301399, 17.66745290211493, 56.89240014333852, 69.61461701097937, 33.85454998416774, 55.99656745686781, 69.17055423212764, 33.80382868483813]}, {"fingertip_distance_table": [0.0, 66.43243090865299, 30.593407423859503, 39.93581589274924, 51.9450270677358, 66.43243090865299, 0.0, 63.29801822481354, 94.27411685384027, 97.82362367969614, 30.593407423859503, 63.29801822481354, 0.0, 50.20963629207236, 57.72524836023828, 39.93581589274924, 94.27411685384027, 50.20963629207236, 0.0, 15.333060685238966, 51.9450270677358, 97.82362367969614, 57.72524836023828, 15.333060685238966, 0.0], "finger_dot_table": [0.010608627167807916, 14.979329737469213, 76.29115810410282, 137.74416800009783, 134.5580615697445, 14.979329737469213, 0.0, 75.2831363581953, 135.75533257301936, 131.02552480562673, 76.29115810410282, 75.2831363581953, 0.0, 61.70110633708601, 58.273078653164816, 137.74416800009783, 135.75533257301936, 61.70110633708601, 0.010971442096358364, 5.869453459208612, 134.5580615697445, 131.02552480562673, 58.273078653164816, 5.869453459208612, 0.0], "finger_straight_table": [0.0, 0.0, 0.0, 0.0, 0.0], "bone_dot_table": [90.00000105055241, 40.11919652425045, 30.116610650943784, 7.442293936829231, 15.404796840362291, 11.658114751879905, 49.09184580819693, 48.25107396304437, 21.888262775914068, 73.38756323879528, 86.66087128545121, 40.21977707128259, 74.43462944845986, 86.38920690859734, 39.64486343960063]}, {"fingertip_distance_table": [0.0, 66.70892944316596, 32.62777355999004, 42.32899188530966, 53.98075980976406, 66.70892944316596, 0.0, 63.38311106173148, 95.95401685111601, 99.18280132695847, 32.62777355999004, 63.38311106173148, 0.0, 52.273557850412054, 59.259488019974135, 42.32899188530966, 95.95401685111601, 52.273557850412054, 0.0, 15.130531509321573, 53.98075980976406, 99.18280132695847, 59.259488019974135, 15.130531509321573, 0.0], "finger_dot_table": [0.0, 14.118767123684313, 77.17015879242595, 141.33405430910867, 138.8324971709238, 14.118767123684313, 0.0, 75.8756822135288, 139.21362790866314, 135.09133555698338, 77.17015879242595, 75.8756822135288, 0.01593539275353702, 64.44450356020985, 61.66729882431135, 141.33405430910867, 139.21362790866314, 64.44450356020985, 0.006106639459985129, 5.582217253699678, 138.8324971709238, 135.09133555698338, 61.66729882431135, 5.582217253699678, 0.0], "finger_straight_table": [0.0, 0.0, 0.0, 0.0, 0.0], "bone_dot_table": [90.00000105055241, 42.71898148243598, 31.961666478351635, 8.023193905200277, 15.08889083446671, 11.49081506497405, 49.4168830347353, 48.52709189080503, 21.973502284848237, 76.530515363667, 86.89497803241544, 39.25681984769444, 78.00574565457057, 86.77949292150615, 38.622607606351124]}, {"fingertip_distance_table": [0.0, 60.07831994430288, 49.42612998714421, 51.93938794523522, 61.07232263211927, 60.07831994430288, 0.0, 63.08991249746747, 95.88758035950467, 99.00140656858551, 49.42612998714421, 63.08991249746747, 0.0, 52.42785075527344, 59.41451667700484, 51.93938794523522, 95.88758035950467, 52.42785075527344, 0.0, 15.04812454975832, 61.07232263211927, 99.00140656858551, 59.41451667700484, 15.04812454975832, 0.0], "finger_dot_table": [0.0, 15.844065286010844, 90.70459590460985, 155.01602659621201, 151.471750578984, 15.844065286010844, 0.0, 75.87927495147291, 139.46672061794266, 135.65503878914242, 90.70459590460985, 75.87927495147291, 0.0036361166573935545, 64.48912271482183, 62.0272598784116, 155.01602659621201, 139.46672061794266, 64.48912271482183, 0.011890689364655798, 5.63171473700693, 151.471750578984, 135.65503878914242, 62.0272598784116, 5.63171473700693, 0.0], "finger_straight_table": [0.0, 0.0, 0.0, 0.0, 0.0], "bone_dot_table": [90.00000105055241, 41.74115364310443, 34.96689028240042, 8.659625238118597, 15.178105693925424, 11.60727789785714, 49.54335846629172, 48.634513076956395, 22.006679911614416, 76.98170841327698, 86.73888934596148, 39.03659216108817, 78.66252129442583, 86.67949239420219, 38.35572867049886]}, {"fingertip_distance_table": [0.0, 61.35556854682672, 52.556636399047285, 52.34600008007941, 59.683371709805925, 61.35556854682672, 0.0, 65.08054057919679, 98.96475177276746, 100.72397038866814, 52.556636399047285, 65.08054057919679, 0.0, 54.632367116457154, 60.164648818200114, 52.34600008007941, 98.96475177276746, 54.632367116457154, 0.0, 14.799203912679557, 59.683371709805925, 100.72397038866814, 60.164648818200114, 14.799203912679557, 0.0], "finger_dot_table": [0.010059957146183176, 17.994985062722343, 95.14437260574816, 162.32433071182592, 157.8233437691887, 17.994985062722343, 0.009380244137314484, 78.14732318148667, 144.59082172657426, 139.82836324121487, 95.14437260574816, 78.14732318148667, 0.0, 67.26597931904422, 64.00571462928897, 162.32433071182592, 144.59082172657426, 67.26597931904422, 0.0, 6.437123902605067, 157.8233437691887, 139.82836324121487, 64.00571462928897, 6.437123902605067, 0.0], "finger_straight_table": [0.0, 0.0, 0.0, 0.0, 0.0], "bone_dot_table": [90.00000105055241, 41.7224230621605, 46.434948159940696, 7.979837247245686, 15.063824037827075, 11.664918667677876, 50.118751967419676, 48.559763805776576, 23.978291305106268, 80.95170013247836, 86.08588094587984, 37.23494255379557, 81.63911032279869, 86.1150317142029, 36.98110698019616]}, {"fingertip_distance_table": [0.0, 64.07678105987621, 36.95504652672582, 42.341287406848004, 49.697217040232104, 64.07678105987621, 0.0, 68.99274925988738, 101.17730656131248, 102.2902085256668, 36.95504652672582, 68.99274925988738, 0.0, 54.223298234451626, 59.415506399790544, 42.341287406848004, 101.17730656131248, 54.223298234451626, 0.0, 14.714176816494271, 49.697217040232104, 102.2902085256668, 59.415506399790544, 14.714176816494271, 0.0], "finger_dot_table": [0.0, 15.862476987139946, 87.83982480733202, 153.77682127474074, 151.21835778780135, 15.862476987139946, 0.018818037578588017, 82.90375383583543, 148.8893769808411, 143.62993775026533, 87.83982480733202, 82.90375383583543, 0.0, 66.9321632195491, 63.39558224560464, 153.77682127474074, 148.8893769808411, 66.9321632195491, 0.01508822028748162, 6.733740339179798, 151.21835778780135, 143.62993775026533, 63.39558224560464, 6.733740339179798, 0.0], "finger_straight_table": [0.0, 0.0, 0.0, 0.0, 0.0], "bone_dot_table": [90.00000105055241, 42.06778840293303, 47.816806664170954, 7.1403752947079475, 14.008335739311722, 10.990942995276297, 51.60325126206539, 48.65773163883695, 26.281233299500226, 82.5310724125954, 85.75948541549474, 36.48619557853444, 82.86189878331528, 85.79803570988071, 36.37723644734124]}, {"fingertip_distance_table": [0.0, 69.3294040348418, 24.532082908960636, 33.89655535451728, 39.997883910627124, 69.3294040348418, 0.0, 68.58665995549495, 100.25538241453752, 101.11719130409472, 24.532082908960636, 68.58665995549495, 0.0, 51.653712517066204, 56.60655930070053, 33.89655535451728, 100.25538241453752, 51.653712517066204, 0.0, 14.556884819216716, 39.997883910627124, 101.11719130409472, 56.60655930070053, 14.556884819216716, 0.0], "finger_dot_table": [0.0, 21.515041501330668, 86.69145995265302, 146.91516254832422, 144.81134482187684, 21.515041501330668, 0.0, 84.80178881754536, 147.17235277964917, 141.05647154357632, 86.69145995265302, 84.80178881754536, 0.0, 63.15881403078184, 58.770406326955865, 146.91516254832422, 147.17235277964917, 63.15881403078184, 0.013394716018663986, 7.5524192846925144, 144.81134482187684, 141.05647154357632, 58.770406326955865, 7.5524192846925144, 0.0], "finger_straight_table": [0.0, 0.0, 0.0, 0.0, 0.0], "bone_dot_table": [90.00000105055241, 36.6240611944555, 54.23329827578154, 8.377306268196191, 14.924007085819499, 11.567576617494627, 52.78728342777861, 52.371812467155735, 29.068691180310758, 83.33635424414173, 86.05093238698161, 36.295537293334895, 83.05898177986806, 85.66555875919877, 36.24592198702437]}, {"fingertip_distance_table": [0.0, 64.04026483396201, 24.53141001500086, 35.50684413504329, 43.53087957417652, 64.04026483396201, 0.0, 63.07361905621097, 96.19685663781007, 98.38076074030252, 24.53141001500086, 63.07361905621097, 0.0, 48.887287300665754, 54.9833802886676, 35.50684413504329, 96.19685663781007, 48.887287300665754, 0.0, 14.54668246336212, 43.53087957417652, 98.38076074030252, 54.9833802886676, 14.54668246336212, 0.0], "finger_dot_table": [0.005369551336674297, 17.56875640874727, 90.1716699865663, 148.54477432102576, 146.22453427061876, 17.56875640874727, 0.01688998905551863, 80.05335224162503, 138.33502996439128, 133.82174626263497, 90.1716699865663, 80.05335224162503, 0.019537951007757834, 58.983153490291485, 56.05896607945145, 148.54477432102576, 138.33502996439128, 58.983153490291485, 0.0, 6.726200660696513, 146.22453427061876, 133.82174626263497, 56.05896607945145, 6.726200660696513, 0.01777335564101759], "finger_straight_table": [0.0, 0.0, 0.0, 0.0, 0.0], "bone_dot_table": [90.00000105055241, 32.416772316070706, 67.7127332190763, 13.430716509155646, 15.521381257084586, 11.528278749083983, 53.14109905986326, 55.0544688238272, 30.6947115667591, 82.3345317463482, 85.86162365521047, 36.60645379515716, 83.2835673667786, 85.5967578921842, 36.130313643328414]}, {"fingertip_distance_table": [0.0, 63.81774125569336, 15.942950461276872, 31.300188937522538, 38.18279028539183, 63.81774125569336, 0.0, 74.36983340472304, 93.92491195088543, 96.2233990200872, 15.942950461276872, 74.36983340472304, 0.0, 29.321006110868005, 38.72476168542505, 31.300188937522538, 93.92491195088543, 29.321006110868005, 0.0, 14.55018388357826, 38.18279028539183, 96.2233990200872, 38.72476168542505, 14.55018388357826, 0.0], "finger_dot_table": [0.012090751518945234, 26.50146573747463, 116.94368835983902, 145.736610207444, 144.8821580341439, 26.50146573747463, 0.0, 104.930962526071, 133.1844769798441, 128.60005061734657, 116.94368835983902, 104.930962526071, 0.01256767468610304, 29.53732547729083, 28.029895620832264, 145.736610207444, 133.1844769798441, 29.53732547729083, 0.01398565871379435, 6.990629533366843, 144.8821580341439, 128.60005061734657, 28.029895620832264, 6.990629533366843, 0.0029813032806924765], "finger_straight_table": [0.0, 0.0, 0.0, 0.0, 0.0], "bone_dot_table": [90.00000105055241, 38.78159630501885, 65.44108468328747, 17.40006415298275, 16.611013401622117, 12.003798379321072, 66.85421941021407, 71.73184199206516, 34.297037955058926, 82.95117120296855, 85.48141575580755, 36.20425067136529, 83.51999007846544, 85.32523395198513, 35.92576330999354]}, {"fingertip_distance_table": [0.0, 61.625111361336096, 26.112604747213496, 35.36695710863313, 42.123439245085216, 61.625111361336096, 0.0, 87.66753498756137, 95.02786730011078, 96.95260603813921, 26.112604747213496, 87.66753498756137, 0.0, 14.450019663950197, 27.743329592990197, 35.36695710863313, 95.02786730011078, 14.450019663950197, 0.0, 14.401290632195401, 42.123439245085216, 96.95260603813921, 27.743329592990197, 14.401290632195401, 0.0], "finger_dot_table": [0.0, 22.779004470381487, 144.1359754090497, 148.89913423637765, 145.82003333282148, 22.779004470381487, 0.015050734261115938, 135.14952937008513, 135.63783819194765, 129.5816072824384, 144.1359754090497, 135.14952937008513, 0.018064613513891332, 8.214422985894027, 14.676687184054668, 148.89913423637765, 135.63783819194765, 8.214422985894027, 0.0, 7.828664839806299, 145.82003333282148, 129.5816072824384, 14.676687184054668, 7.828664839806299, 0.0], "finger_straight_table": [0.0, 0.0, 0.0, 0.0, 0.0], "bone_dot_table": [90.00000105055241, 35.4282919261262, 60.25090854647821, 16.796016692959636, 15.402065307311135, 11.174566834460641, 82.47512237341536, 84.66244960330657, 35.870211496805844, 83.37965149572935, 85.98449478801619, 36.25024681116346, 83.35553795120336, 85.05950484151812, 35.87765866348985]}, {"fingertip_distance_table": [0.0, 66.3187613902714, 23.25822057925813, 31.820523184848923, 38.734463848049096, 66.3187613902714, 0.0, 88.63886385298889, 95.64520165264842, 97.58117981963923, 23.25822057925813, 88.63886385298889, 0.0, 13.945421419577432, 27.31253312401746, 31.820523184848923, 95.64520165264842, 13.945421419577432, 0.0, 14.385966808421854, 38.734463848049096, 97.58117981963923, 27.31253312401746, 14.385966808421854, 0.0], "finger_dot_table": [0.018982845414530346, 24.54239557091146, 142.3453655903437, 146.54260787817196, 143.4136489532181, 24.54239557091146, 0.0, 139.1392004241977, 137.92580222231567, 131.06535153087765, 142.3453655903437, 139.1392004241977, 0.0, 8.301486033339557, 15.316121739351741, 146.54260787817196, 137.92580222231567, 8.301486033339557, 0.009622702188187638, 8.12769984503051, 143.4136489532181, 131.06535153087765, 15.316121739351741, 8.12769984503051, 0.007020562038577212], "finger_straight_table": [0.0, 0.0, 0.0, 0.0, 0.0], "bone_dot_table": [90.00000105055241, 37.17186241225241, 66.7106953651868, 16.89237929152121, 13.808659762331454, 10.011283883390417, 83.26968170684827, 86.54892716799887, 36.46422305092542, 83.50240841574559, 87.03016206962575, 36.64273533584126, 83.21455508417124, 85.64858910158217, 36.182250717702]}, {"fingertip_distance_table": [0.0, 68.33470579439539, 22.593560670024345, 30.14777013371391, 36.53542299782965, 68.33470579439539, 0.0, 89.04262408265159, 96.10053101563585, 98.05994660702629, 22.593560670024345, 89.04262408265159, 0.0, 13.998926206116737, 27.46887028948167, 30.14777013371391, 96.10053101563585, 13.998926206116737, 0.0, 14.494078929268321, 36.53542299782965, 98.05994660702629, 27.46887028948167, 14.494078929268321, 0.0], "finger_dot_table": [0.0, 26.573228255293486, 140.71015979159014, 145.13036529539363, 142.70491047824112, 26.573228255293486, 0.00513834778806502, 140.31843163392818, 138.8975004465265, 132.24807790988095, 140.71015979159014, 140.31843163392818, 0.019453072905306772, 8.17200439383769, 15.032913132669703, 145.13036529539363, 138.8975004465265, 8.17200439383769, 0.010176266791669641, 7.868375937665748, 142.70491047824112, 132.24807790988095, 15.032913132669703, 7.868375937665748, 0.0], "finger_straight_table": [0.0, 0.0, 0.0, 0.0, 0.0], "bone_dot_table": [90.00000105055241, 36.83663641503121, 65.87649489160533, 17.01082106464952, 12.355777174670864, 8.952336358595227, 83.17395272373915, 86.62596415669277, 36.55841853282459, 83.43237303668487, 87.01986931975256, 36.66665372339154, 83.08640602703335, 85.99001147331968, 36.3771320166602]}, {"fingertip_distance_table": [0.0, 66.90939302349034, 23.302249556990695, 31.860742732144175, 38.75255009820708, 66.90939302349034, 0.0, 88.30149435756047, 95.45445422214604, 97.30884672826197, 23.302249556990695, 88.30149435756047, 0.0, 14.097733902521668, 27.58452120663864, 31.860742732144175, 95.45445422214604, 14.097733902521668, 0.0, 14.569336822808664, 38.75255009820708, 97.30884672826197, 27.58452120663864, 14.569336822808664, 0.0], "finger_dot_table": [0.0, 23.573951989425648, 141.4933568549882, 145.16486365678006, 141.60952007378822, 23.573951989425648, 0.019982760441916606, 139.08521017840147, 137.7451695003066, 130.68389304736556, 141.4933568549882, 139.08521017840147, 0.01930393944125412, 8.000776516248552, 15.110870729688935, 145.16486365678006, 137.7451695003066, 8.000776516248552, 0.014593586885503284, 8.235716594489213, 141.60952007378822, 130.68389304736556, 15.110870729688935, 8.235716594489213, 0.0], "finger_straight_table": [0.0, 0.0, 0.0, 0.0, 0.0], "bone_dot_table": [90.00000105055241, 34.32305650111843, 65.62868347040168, 18.801040826818895, 11.164794355474113, 8.001698446861926, 83.00665203518987, 86.273852232954, 36.49292777504505, 83.25337575822049, 86.77128955929095, 36.632846433698745, 82.45238571168537, 85.77421042802798, 36.532231801854756]}, {"fingertip_distance_table": [0.0, 60.8075805100985, 24.583530662209665, 34.10065521270676, 42.420263693311725, 60.8075805100985, 0.0, 83.35784333009904, 90.55363998276738, 93.21109744397219, 24.583530662209665, 83.35784333009904, 0.0, 14.020511530700933, 27.82153610634892, 34.10065521270676, 90.55363998276738, 14.020511530700933, 0.0, 14.710295694551546, 42.420263693311725, 93.21109744397219, 27.82153610634892, 14.710295694551546, 0.0], "finger_dot_table": [0.0, 20.594441262572815, 141.8244878248681, 143.30707186005856, 139.10886595409232, 20.594441262572815, 0.0, 130.2825957790846, 128.61225436061738, 122.54689056218997, 141.8244878248681, 130.2825957790846, 0.0, 7.888137389743334, 14.947680397976596, 143.30707186005856, 128.61225436061738, 7.888137389743334, 0.014180689370557525, 7.757438805623314, 139.10886595409232, 122.54689056218997, 14.947680397976596, 7.757438805623314, 0.013747797114032517], "finger_straight_table": [0.0, 0.0, 0.0, 0.0, 0.0], "bone_dot_table": [90.00000105055241, 28.81263810074656, 67.54645483711725, 25.740967877296445, 11.99743586078809, 8.201094305522114, 82.70345222338976, 85.58506065813438, 36.33211592028071, 82.3327325616993, 86.00365517468795, 36.666383183762356, 81.80841961901116, 85.41543819040758, 36.627932144130924]}, {"fingertip_distance_table": [0.0, 61.40971685663991, 25.494921931558252, 32.6451276086031, 38.76339890495153, 61.40971685663991, 0.0, 83.34434009827771, 90.94147652605997, 93.52739551273407, 25.494921931558252, 83.34434009827771, 0.0, 14.415300936375296, 28.21476051693311, 32.6451276086031, 90.94147652605997, 14.415300936375296, 0.0, 14.813784104414493, 38.76339890495153, 93.52739551273407, 28.21476051693311, 14.813784104414493, 0.0], "finger_dot_table": [0.0, 22.382158685252335, 140.58561084166422, 143.05146201740502, 139.2106396306261, 22.382158685252335, 0.0, 129.83540130161927, 128.87621935383953, 122.69426293510429, 140.58561084166422, 129.83540130161927, 0.020736407571547377, 7.4175758443442295, 14.335434815572182, 143.05146201740502, 128.87621935383953, 7.4175758443442295, 0.0, 7.834894273827608, 139.2106396306261, 122.69426293510429, 14.335434815572182, 7.834894273827608, 0.0], "finger_straight_table": [0.0, 1.0, 0.0, 0.0, 0.0], "bone_dot_table": [90.00000105055241, 22.3113500167163, 59.155707377434254, 26.655711678822517, 9.652951597645787, 6.569209414340964, 82.20940430092267, 84.42059264145436, 36.03562586172439, 82.27251886518172, 85.27402378556012, 36.38243759161193, 81.49067181589318, 84.94595579101451, 36.54908654930395]}, {"fingertip_distance_table": [0.0, 52.362684975407845, 38.014293386681125, 48.91928700175215, 57.36648917342294, 52.362684975407845, 0.0, 86.95451900548022, 93.98990388520863, 96.65093491057175, 38.014293386681125, 86.95451900548022, 0.0, 14.183214540500945, 28.041603330572986, 48.91928700175215, 93.98990388520863, 14.183214540500945, 0.0, 14.690544575747854, 57.36648917342294, 96.65093491057175, 28.041603330572986, 14.690544575747854, 0.0], "finger_dot_table": [0.0, 15.886623234115753, 151.28662590604807, 147.8195830786851, 141.34652180238945, 15.886623234115753, 0.017348804582563642, 135.83992873565737, 133.3470343550397, 127.66710220714698, 151.28662590604807, 135.83992873565737, 0.0, 7.190991622143932, 14.22290458569429, 147.8195830786851, 133.3470343550397, 7.190991622143932, 0.0, 7.371871639722908, 141.34652180238945, 127.66710220714698, 14.22290458569429, 7.371871639722908, 0.01248930917667693], "finger_straight_table": [1.0, 1.0, 0.0, 0.0, 0.0], "bone_dot_table": [90.00000105055241, 13.86148162609231, 52.773291049446044, 24.961639904310875, 5.8124270121875545, 3.9923738760859897, 83.56921529558872, 84.01873138766491, 35.35291145187322, 82.94290592138312, 84.4555842468834, 35.77942735773069, 82.95520941466455, 84.20948274345537, 35.676622254844766]}, {"fingertip_distance_table": [0.0, 54.89323941198255, 40.60862704732351, 51.11839113850958, 58.6165534507269, 54.89323941198255, 0.0, 91.28633372903947, 98.51390239577894, 100.62509725396943, 40.60862704732351, 91.28633372903947, 0.0, 14.421533516242071, 28.199070824912734, 51.11839113850958, 98.51390239577894, 14.421533516242071, 0.0, 14.757396710012907, 58.6165534507269, 100.62509725396943, 28.199070824912734, 14.757396710012907, 0.0], "finger_dot_table": [0.0, 14.061545617911364, 155.42266258438738, 153.19610821466796, 147.5647115063631, 14.061545617911364, 0.010685993923663062, 141.60590136451506, 139.1397170002653, 133.6864302984116, 155.42266258438738, 141.60590136451506, 0.008852639031455707, 6.8762508064598595, 13.75293327846553, 153.19610821466796, 139.1397170002653, 6.8762508064598595, 0.0, 7.144710584369897, 147.5647115063631, 133.6864302984116, 13.75293327846553, 7.144710584369897, 0.0], "finger_straight_table": [0.0, 1.0, 0.0, 0.0, 0.0], "bone_dot_table": [90.00000105055241, 23.866475254154672, 46.4533002265335, 18.097784797954695, 5.222502986460963, 3.7531913595464648, 83.24011634650697, 83.0724222050086, 35.07558368772612, 83.39784231671678, 83.21250812385577, 35.082411033698534, 83.59086836131158, 83.51764520212595, 35.14405612498749]}, {"fingertip_distance_table": [0.0, 57.0312075623386, 41.922063403598905, 52.20992968411268, 59.24502124562104, 57.0312075623386, 0.0, 93.95857794036307, 101.15848216294567, 102.7435151523846, 41.922063403598905, 93.95857794036307, 0.0, 14.524994146745973, 28.14774003265214, 52.20992968411268, 101.15848216294567, 14.524994146745973, 0.0, 14.714698926891655, 59.24502124562104, 102.7435151523846, 28.14774003265214, 14.714698926891655, 0.0], "finger_dot_table": [0.01704599921800598, 12.42946359881197, 156.53122255038403, 155.02029048329746, 149.13011293593425, 12.42946359881197, 0.0, 145.0896263082658, 142.76329887955205, 136.70470230582856, 156.53122255038403, 145.0896263082658, 0.0, 6.888802140011455, 13.9244057045612, 155.02029048329746, 142.76329887955205, 6.888802140011455, 0.0, 7.450887204127356, 149.13011293593425, 136.70470230582856, 13.9244057045612, 7.450887204127356, 0.0], "finger_straight_table": [0.0, 1.0, 0.0, 0.0, 0.0], "bone_dot_table": [90.00000105055241, 27.658796087676166, 45.06441319370581, 13.29439390478568, 5.555742291384014, 4.118045274995359, 83.05606613993405, 82.4519520291545, 34.883805006961424, 83.6425070562317, 82.6307383269444, 34.74492069883036, 83.64812444526555, 82.81190218169182, 34.82363227568755]}, {"fingertip_distance_table": [0.0, 60.45005052442434, 36.92299097241863, 46.0189940570932, 53.74158095912432, 60.45005052442434, 0.0, 95.17063795190303, 100.65624918635, 102.74239397001499, 36.92299097241863, 95.17063795190303, 0.0, 13.846487546916537, 27.985728987725683, 46.0189940570932, 100.65624918635, 13.846487546916537, 0.0, 14.78748405486358, 53.74158095912432, 102.74239397001499, 27.985728987725683, 14.78748405486358, 0.0], "finger_dot_table": [0.0, 13.69583279368139, 151.5516735768781, 148.96781772727812, 145.78038449640306, 13.69583279368139, 0.01054258705504279, 147.01176071185319, 141.74800013232854, 136.69264333143173, 151.5516735768781, 147.01176071185319, 0.011145188402735866, 7.798945758837142, 14.931647127808462, 148.96781772727812, 141.74800013232854, 7.798945758837142, 0.0, 7.143323331629318, 145.78038449640306, 136.69264333143173, 14.931647127808462, 7.143323331629318, 0.013235442126919688], "finger_straight_table": [0.0, 1.0, 0.0, 0.0, 0.0], "bone_dot_table": [90.00000105055241, 33.340637839403755, 43.24494420408443, 10.934330013686264, 5.744821492462789, 4.319485215853, 82.92773380110503, 82.15685438932908, 34.80780661926928, 80.93163180546108, 81.86784251792358, 35.425047544996005, 81.98524653204714, 82.17950899190457, 35.17462932714547]}, {"fingertip_distance_table": [0.0, 56.93227705915191, 43.29438769204758, 52.963162496443275, 60.25790341736072, 56.93227705915191, 0.0, 92.8324637476042, 99.46168952484065, 101.71927739751106, 43.29438769204758, 92.8324637476042, 0.0, 14.930228481286354, 28.963801873389677, 52.963162496443275, 99.46168952484065, 14.930228481286354, 0.0, 14.776881182744622, 60.25790341736072, 101.71927739751106, 28.963801873389677, 14.776881182744622, 0.0], "finger_dot_table": [0.014692819723874572, 12.700898159579365, 151.46240974228252, 151.62423481412816, 147.98136508270392, 12.700898159579365, 0.0, 141.41587282237472, 140.11577778972523, 135.66240493135282, 151.46240974228252, 141.41587282237472, 0.004782553798080857, 7.005360918042529, 14.373938813298235, 151.62423481412816, 140.11577778972523, 7.005360918042529, 0.006113997565596209, 7.544572051309952, 147.98136508270392, 135.66240493135282, 14.373938813298235, 7.544572051309952, 0.0], "finger_straight_table": [0.0, 1.0, 0.0, 0.0, 0.0], "bone_dot_table": [90.00000105055241, 32.97605806040159, 28.124241559845256, 10.287977441596857, 7.010297684362122, 5.295919348566544, 79.1861299158794, 80.39627498731001, 35.41760323928723, 79.23116247384822, 81.85203484765745, 36.0513457785019, 80.69208363341754, 82.38429927702335, 35.746010615370636]}, {"fingertip_distance_table": [0.0, 60.505449508345784, 38.51870886494826, 49.76931433426688, 55.92801523418774, 60.505449508345784, 0.0, 90.17351755599157, 102.05076111758419, 102.51692196729194, 38.51870886494826, 90.17351755599157, 0.0, 22.882725187155582, 33.83366251039335, 49.76931433426688, 102.05076111758419, 22.882725187155582, 0.0, 14.351022631057896, 55.92801523418774, 102.51692196729194, 33.83366251039335, 14.351022631057896, 0.0], "finger_dot_table": [0.019727227243944014, 13.28578798707723, 134.96066410040154, 153.34582571987454, 149.98182744788826, 13.28578798707723, 0.0, 130.76592963690638, 146.95716573056436, 140.94184202397048, 134.96066410040154, 130.76592963690638, 0.015402594691907684, 18.647259666520828, 20.258589746925633, 153.34582571987454, 146.95716573056436, 18.647259666520828, 0.0, 8.851697117739631, 149.98182744788826, 140.94184202397048, 20.258589746925633, 8.851697117739631, 0.0], "finger_straight_table": [0.0, 0.0, 0.0, 0.0, 0.0], "bone_dot_table": [90.00000105055241, 40.99724514060415, 27.56922632151186, 6.50089333666637, 10.591752230256246, 8.324669022322292, 71.41932667378371, 73.68226805627131, 35.04044927051601, 81.3591320884811, 82.37966262727306, 35.479835441448174, 81.71517138988655, 82.40051048964406, 35.36797312293379]}, {"fingertip_distance_table": [0.0, 66.87484848029904, 26.680253332236052, 37.55599908999324, 46.01584636735424, 66.87484848029904, 0.0, 91.3875575855505, 98.82892221865366, 100.72646100366454, 26.680253332236052, 91.3875575855505, 0.0, 16.78059227779719, 31.392557675433146, 37.55599908999324, 98.82892221865366, 16.78059227779719, 0.0, 15.597860945505591, 46.01584636735424, 100.72646100366454, 31.392557675433146, 15.597860945505591, 0.0], "finger_dot_table": [0.007298235401904364, 18.117502442017166, 125.71418352240697, 131.496285047509, 135.41548629381543, 18.117502442017166, 0.0, 132.67195272508798, 135.7938678475569, 135.14765575981104, 125.71418352240697, 132.67195272508798, 0.01152492125914638, 8.056481088930402, 18.40604516597413, 131.496285047509, 135.7938678475569, 8.056481088930402, 0.0, 10.556706854081494, 135.41548629381543, 135.14765575981104, 18.40604516597413, 10.556706854081494, 0.018803672973385296], "finger_straight_table": [0.0, 0.0, 0.0, 0.0, 0.0], "bone_dot_table": [90.00000105055241, 39.987822008067994, 29.15935589550302, 7.077731459073566, 10.358887499934015, 8.257686297431357, 70.68722517824936, 73.07578112837425, 35.00607559613518, 73.65075375283806, 75.29116953463013, 35.01262453068894, 77.45817457789126, 77.5632044984327, 34.73224722251532]}, {"fingertip_distance_table": [0.0, 76.23534058741073, 17.523420697389483, 25.47300163038396, 31.745434254433402, 76.23534058741073, 0.0, 92.77897953093796, 100.33604909908038, 99.88071362955294, 17.523420697389483, 92.77897953093796, 0.0, 17.220299835572273, 30.650267990259792, 25.47300163038396, 100.33604909908038, 17.220299835572273, 0.0, 15.093115929297138, 31.745434254433402, 99.880713629