[{"fingertip_distance_table": [0.0, 108.82696849560497, 132.64527821613316, 142.35245196585768, 147.4174616556043, 108.82696849560497, 0.0, 27.154087602707268, 47.86447887773665, 75.0180030342323, 132.64527821613316, 27.154087602707268, 0.0, 25.121216096572624, 58.41128181270785, 142.35245196585768, 47.86447887773665, 25.121216096572624, 0.0, 34.80817938218544, 147.4174616556043, 75.0180030342323, 58.41128181270785, 34.80817938218544, 0.0], "finger_dot_table": [0.004816746574293577, 44.777954296141715, 46.22366238963708, 47.011204918483145, 51.07479607494906, 44.777954296141715, 0.01291674130545381, 1.6355127258746736, 4.111035774116032, 9.560139835415189, 46.22366238963708, 1.6355127258746736, 0.002333768699025144, 2.827138716478098, 8.092593700009095, 47.011204918483145, 4.111035774116032, 2.827138716478098, 0.0, 5.4962692816434995, 51.07479607494906, 9.560139835415189, 8.092593700009095, 5.4962692816434995, 0.01698669222668033], "finger_straight_table": [1.0, 1.0, 1.0, 1.0, 1.0], "bone_dot_table": [90.00000105055241, 4.943262651012775, 26.80736641069253, 13.812131057074017, 2.773241118897176, 2.256798968658421, 7.938964640276243, 1.9941752675058597, 1.6349372827619282, 6.238892066349295, 2.489652431902228, 2.06233985597176, 11.716369261206454, 5.925243248750608, 5.078744511631695]}, {"fingertip_distance_table": [0.0, 107.92664965284418, 132.30197060609396, 142.250860199133, 146.6212777786419, 107.92664965284418, 0.0, 27.732540577860934, 48.66571390778988, 74.71403807805268, 132.30197060609396, 27.732540577860934, 0.0, 25.285285869187607, 57.71343822972998, 142.250860199133, 48.66571390778988, 25.285285869187607, 0.0, 34.075246834182316, 146.6212777786419, 74.71403807805268, 57.71343822972998, 34.075246834182316, 0.0], "finger_dot_table": [0.0, 44.1733920494171, 45.954103800947266, 47.08572584866802, 51.44719801749053, 44.1733920494171, 0.013905128367981676, 2.4262711361503384, 5.094715134182052, 11.675041242569142, 45.954103800947266, 2.4262711361503384, 0.0, 2.795274007226477, 9.317813404365358, 47.08572584866802, 5.094715134182052, 2.795274007226477, 0.01686821142916858, 6.582943446528481, 51.44719801749053, 11.675041242569142, 9.317813404365358, 6.582943446528481, 0.0], "finger_straight_table": [1.0, 1.0, 1.0, 1.0, 1.0], "bone_dot_table": [90.00000105055241, 4.599649634820717, 27.575332614529042, 14.86890325699682, 2.6654539804746658, 2.1688962998167893, 9.5197025524162, 1.9610336563650552, 1.6186512836785933, 7.303926680683309, 2.461105677872109, 2.051745106857106, 11.953662148654978, 3.536748514795808, 3.012527804419588]}, {"fingertip_distance_table": [0.0, 107.58623536658929, 132.44619889000495, 142.42894012674236, 146.34046840868328, 107.58623536658929, 0.0, 28.313166040693915, 49.431799388938835, 74.79045378796485, 132.44619889000495, 28.313166040693915, 0.0, 25.471117618221196, 57.35592138487203, 142.42894012674236, 49.431799388938835, 25.471117618221196, 0.0, 33.61366755162031, 146.34046840868328, 74.79045378796485, 57.35592138487203, 33.61366755162031, 0.0], "finger_dot_table": [0.0, 43.70152252009018, 45.90586523422151, 47.240273075560815, 51.58218985915097, 43.70152252009018, 0.017055041215965964, 3.0219612084591017, 5.016575684897522, 11.810883888544842, 45.90586523422151, 3.0219612084591017, 0.012990965609881076, 2.0031414954195648, 8.83021653794178, 47.240273075560815, 5.016575684897522, 2.0031414954195648, 0.0, 6.833825070039748, 51.58218985915097, 11.810883888544842, 8.83021653794178, 6.833825070039748, 0.0], "finger_straight_table": [1.0, 1.0, 1.0, 1.0, 1.0], "bone_dot_table": [90.00000105055241, 3.5850675589929324, 26.808233394116666, 15.749867261220075, 2.7554318677967773, 2.2604163869481493, 11.208153065329038, 2.0284463398741948, 1.6939932997378917, 8.43957964146019, 2.4530221134712473, 2.0570232999426032, 12.480992471612952, 2.790861829603449, 2.3753858565538963]}, {"fingertip_distance_table": [0.0, 106.63197456544336, 131.51098652613254, 141.16196984480325, 144.9812620967737, 106.63197456544336, 0.0, 28.56678671770562, 50.03743653605343, 74.5682765840721, 131.51098652613254, 28.56678671770562, 0.0, 26.026110474117342, 56.86530196531072, 141.16196984480325, 50.03743653605343, 26.026110474117342, 0.0, 33.03415181594884, 144.9812620967737, 74.5682765840721, 56.86530196531072, 33.03415181594884, 0.0], "finger_dot_table": [0.008030377259058719, 42.835137245300295, 45.22580286239107, 46.3895729594521, 50.536623260616736, 42.835137245300295, 0.0, 2.7136701710658864, 3.5627685389878856, 10.314703017433414, 45.22580286239107, 2.7136701710658864, 0.015232682497433954, 1.9574841930047648, 7.745839537964614, 46.3895729594521, 3.5627685389878856, 1.9574841930047648, 0.0, 8.424372642372305, 50.536623260616736, 10.314703017433414, 7.745839537964614, 8.424372642372305, 0.014850136373209063], "finger_straight_table": [1.0, 1.0, 1.0, 1.0, 1.0], "bone_dot_table": [90.00000105055241, 2.964843182276371, 27.188314599643718, 16.46169923793075, 2.7854734596213686, 2.3015877671140945, 12.090506097299983, 2.147613657792931, 1.8006758548336632, 7.104679835100237, 3.1040285025211136, 2.5811122762314427, 11.873599912190778, 2.7669703144754507, 2.346076480532214]}, {"fingertip_distance_table": [0.0, 104.59399268738264, 129.3961300228776, 138.26796924170358, 142.0470696754159, 104.59399268738264, 0.0, 28.8849666463124, 51.26904923688655, 74.50339552960877, 129.3961300228776, 28.8849666463124, 0.0, 27.642256039215532, 56.51669793413826, 138.26796924170358, 51.26904923688655, 27.642256039215532, 0.0, 32.27722140908807, 142.0470696754159, 74.50339552960877, 56.51669793413826, 32.27722140908807, 0.0], "finger_dot_table": [0.0, 40.90800810839524, 43.54748244183244, 44.33397474362438, 48.02874781766574, 40.90800810839524, 0.01902421774612411, 2.699026135232138, 5.9105145317552905, 7.689503613829593, 43.54748244183244, 2.699026135232138, 0.0, 5.576120004805661, 5.071239321604498, 44.33397474362438, 5.9105145317552905, 5.576120004805661, 0.013713557115468011, 8.92412891398445, 48.02874781766574, 7.689503613829593, 5.071239321604498, 8.92412891398445, 0.012612433079407317], "finger_straight_table": [1.0, 1.0, 1.0, 1.0, 1.0], "bone_dot_table": [90.00000105055241, 1.7714152328583095, 25.85973194328086, 16.965193610554472, 2.720705835788382, 2.264800955457562, 12.852569939066232, 2.1469125537742464, 1.809315686876446, 5.621780728436507, 3.667617006518567, 3.012032754115032, 9.712189155133279, 2.9277969558402104, 2.4523335941037256]}, {"fingertip_distance_table": [0.0, 100.42027918166745, 124.24965891244143, 129.87752507667304, 132.50410121661932, 100.42027918166745, 0.0, 29.113414033757714, 60.54903621921291, 74.56086556491042, 124.24965891244143, 29.113414033757714, 0.0, 41.38860947480252, 57.08137277730948, 129.87752507667304, 60.54903621921291, 41.38860947480252, 0.0, 29.79907056696474, 132.50410121661932, 74.56086556491042, 57.08137277730948, 29.79907056696474, 0.0], "finger_dot_table": [0.0, 36.94201236424125, 39.635390841626496, 39.4266117946739, 39.43648469218701, 36.94201236424125, 0.0, 2.8582999169548144, 21.429264999001898, 7.849457103343743, 39.635390841626496, 2.8582999169548144, 0.01572338976368987, 20.97653332950281, 6.688962511429814, 39.4266117946739, 21.429264999001898, 20.97653332950281, 0.0, 14.37587985105652, 39.43648469218701, 7.849457103343743, 6.688962511429814, 14.37587985105652, 0.004607654430222959], "finger_straight_table": [1.0, 1.0, 1.0, 1.0, 1.0], "bone_dot_table": [90.00000105055241, 0.7033990519859645, 23.44502187793564, 18.68204181805427, 2.6230140360686804, 2.250933498553003, 15.05669605707977, 1.683888492658108, 1.4491885164510026, 7.2194848612654985, 6.16820456385813, 4.859229393444114, 6.838252194515353, 3.7153608471116657, 3.0292189881459395]}, {"fingertip_distance_table": [0.0, 96.00174757867312, 118.10736068891697, 111.9591650116225, 115.13209159665111, 96.00174757867312, 0.0, 31.172072199507035, 73.63088063905279, 79.11676805987423, 118.10736068891697, 31.172072199507035, 0.0, 58.41527242677405, 62.492940847518064, 111.9591650116225, 73.63088063905279, 58.41527242677405, 0.0, 27.31144824206375, 115.13209159665111, 79.11676805987423, 62.492940847518064, 27.31144824206375, 0.0], "finger_dot_table": [0.020833087834060845, 34.563442338483505, 35.88850746597547, 31.67750555134659, 24.34070877186047, 34.563442338483505, 0.0, 5.19549698635929, 41.61617505644367, 28.1853535692739, 35.88850746597547, 5.19549698635929, 0.017878032176164342, 38.433403700927904, 25.52619457515413, 31.67750555134659, 41.61617505644367, 38.433403700927904, 0.0, 13.731573438020616, 24.34070877186047, 28.1853535692739, 25.52619457515413, 13.731573438020616, 0.01976534693975445], "finger_straight_table": [1.0, 1.0, 1.0, 1.0, 1.0], "bone_dot_table": [90.00000105055241, 4.740031866459365, 18.178832661512818, 22.29803755706154, 2.8665167280447177, 2.5393117972384815, 18.009657481967086, 2.4691380799604103, 2.168969563794156, 16.50774890966024, 9.590388980141336, 7.02471705953932, 10.330066929062102, 8.15037126102964, 6.157568826053726]}, {"fingertip_distance_table": [0.0, 91.21563237945188, 109.87634128279777, 96.38287946252296, 93.4219182294762, 91.21563237945188, 0.0, 30.971112810358854, 81.75331391413165, 85.34245233916957, 109.87634128279777, 30.971112810358854, 0.0, 67.8715173393811, 72.78569703700839, 96.38287946252296, 81.75331391413165, 67.8715173393811, 0.0, 23.169041821076476, 93.4219182294762, 85.34245233916957, 72.78569703700839, 23.169041821076476, 0.0], "finger_dot_table": [0.01129662083899083, 31.903710993946415, 28.955611596768783, 30.763648256148173, 22.101018922547052, 31.903710993946415, 0.019579534262483763, 7.510160611129428, 53.31439902748334, 49.43910232378313, 28.955611596768783, 7.510160611129428, 0.0, 46.73148617027028, 43.884594909510355, 30.763648256148173, 53.31439902748334, 46.73148617027028, 0.0, 10.626492388590837, 22.101018922547052, 49.43910232378313, 43.884594909510355, 10.626492388590837, 0.012373964505243132], "finger_straight_table": [1.0, 1.0, 1.0, 0.0, 0.0], "bone_dot_table": [90.00000105055241, 8.478569850999898, 11.888945539457414, 23.52934379325903, 3.311558150979063, 2.9627793175146775, 17.373875879471427, 4.636481914033558, 4.055548038361283, 24.127709870987495, 12.15074949171907, 8.435325504898264, 26.591502361785096, 13.100804322723041, 8.93923164788473]}, {"fingertip_distance_table": [0.0, 83.22425060000373, 97.64457730508511, 85.35486201214694, 79.50783962483042, 83.22425060000373, 0.0, 27.758320831791757, 80.05619007777179, 80.95125734073335, 97.64457730508511, 27.758320831791757, 0.0, 66.1161805332483, 69.60014478106451, 85.35486201214694, 80.05619007777179, 66.1161805332483, 0.0, 22.362541692501008, 79.50783962483042, 80.95125734073335, 69.60014478106451, 22.362541692501008, 0.0], "finger_dot_table": [0.0, 22.27459487826179, 15.264332638157802, 30.325708747739736, 23.827019645831218, 22.27459487826179, 0.013012545456023606, 8.074637014988273, 50.63030745367145, 46.06658875539615, 15.264332638157802, 8.074637014988273, 0.0, 42.58786519097485, 38.665230977987314, 30.325708747739736, 50.63030745367145, 42.58786519097485, 0.01683977642278075, 13.527540901213456, 23.827019645831218, 46.06658875539615, 38.665230977987314, 13.527540901213456, 0.0], "finger_straight_table": [0.0, 1.0, 1.0, 0.0, 0.0], "bone_dot_table": [90.00000105055241, 18.699040589851336, 2.1368150565636945, 19.16039548111651, 5.466242523098293, 4.75324257494088, 10.913807231068366, 7.428927966657375, 6.286804368109318, 29.344446893326197, 11.326755142961247, 7.60008614754848, 32.30997520159281, 12.258613815564285, 8.090063622555503]}, {"fingertip_distance_table": [0.0, 77.68913322178906, 88.55298963772242, 79.14240747979358, 71.04482610903203, 77.68913322178906, 0.0, 21.050019951277715, 72.13999192228621, 72.68451238034774, 88.55298963772242, 21.050019951277715, 0.0, 61.14057469082837, 64.86967778747291, 79.14240747979358, 72.13999192228621, 61.14057469082837, 0.0, 22.210686984323043, 71.04482610903203, 72.68451238034774, 64.86967778747291, 22.210686984323043, 0.0], "finger_dot_table": [0.0, 13.584038232165074, 10.542552274810545, 30.920645030119783, 29.26903926233526, 13.584038232165074, 0.011255561614129907, 8.633163565720695, 43.423036255834354, 38.38552545148912, 10.542552274810545, 8.633163565720695, 0.0, 36.27654364865298, 29.927812097636966, 30.920645030119783, 43.423036255834354, 36.27654364865298, 0.013195460760225241, 14.57768336594914, 29.26903926233526, 38.38552545148912, 29.927812097636966, 14.57768336594914, 0.015540856904468136], "finger_straight_table": [0.0, 1.0, 1.0, 0.0, 0.0], "bone_dot_table": [90.00000105055241, 38.01743476623099, 19.162430552984873, 15.90965075282915, 7.486253877398883, 6.262317419280124, 3.401536721708596, 8.814981889093714, 7.160159423625922, 31.78646991267617, 11.08640535375112, 7.317339951738351, 32.984954404105814, 12.045379795048921, 7.915023735920758]}, {"fingertip_distance_table": [0.0, 78.11063539273287, 31.694071036604793, 43.07950923422628, 54.59793455205345, 78.11063539273287, 0.0, 104.41263436428056, 112.82105875745796, 115.87535335500563, 31.694071036604793, 104.41263436428056, 0.0, 16.710858565990016, 33.74336348598002, 43.07950923422628, 112.82105875745796, 16.710858565990016, 0.0, 18.334729353170214, 54.59793455205345, 115.87535335500563, 33.74336348598002, 18.334729353170214, 0.0], "finger_dot_table": [0.016593463300688015, 21.235619094230366, 131.3656487723657, 132.95686743334025, 138.37329962266784, 21.235619094230366, 0.0, 136.7690658217113, 134.55348672189902, 135.58855687292365, 131.3656487723657, 136.7690658217113, 0.020859092104162393, 7.552383931114801, 15.922817602122004, 132.95686743334025, 134.55348672189902, 7.552383931114801, 0.0, 9.001688669441082, 138.37329962266784, 135.58855687292365, 15.922817602122004, 9.001688669441082, 0.0], "finger_straight_table": [0.0, 1.0, 0.0, 0.0, 0.0], "bone_dot_table": [90.00000105055241, 27.778373910038226, 19.36745391549573, 16.31640957092428, 6.029125125763966, 4.917445757979414, 79.60899766624956, 80.06588568942318, 35.8494379726637, 80.01871205840379, 79.7890195264997, 35.112240358991684, 81.68513638207303, 85.56628506447714, 34.26805771445112]}, {"fingertip_distance_table": [0.0, 80.64270127662361, 29.640612028803837, 42.90863850442441, 55.53378322126215, 80.64270127662361, 0.0, 104.54045668068045, 114.2955915350498, 118.13459882797832, 29.640612028803837, 104.54045668068045, 0.0, 17.76915058393384, 34.9615895874701, 42.90863850442441, 114.2955915350498, 17.76915058393384, 0.0, 18.543323169512213, 55.53378322126215, 118.13459882797832, 34.9615895874701, 18.543323169512213, 0.0], "finger_dot_table": [0.00910968914570846, 23.89812486900744, 130.23527545338766, 133.0225356533155, 140.44799303141275, 23.89812486900744, 0.014341160324218944, 137.52009608643942, 136.4640121862617, 138.33170753176242, 130.23527545338766, 137.52009608643942, 0.0, 6.867418746428764, 16.723653639214422, 133.0225356533155, 136.4640121862617, 6.867418746428764, 0.0, 10.361897090233493, 140.44799303141275, 138.33170753176242, 16.723653639214422, 10.361897090233493, 0.0], "finger_straight_table": [0.0, 1.0, 0.0, 0.0, 0.0], "bone_dot_table": [90.00000105055241, 27.769437314189386, 19.705800146638108, 14.162558659490886, 5.306244377034064, 3.9964832935194363, 77.22090194537022, 81.12135480268908, 36.70820811177604, 78.70282928628646, 81.3821461680093, 36.155203239533705, 81.2399714850196, 88.16364654816793, 34.76283940200683]}, {"fingertip_distance_table": [0.0, 82.98465266182944, 29.237344944366004, 40.460476629327864, 52.17195034206176, 82.98465266182944, 0.0, 105.8831278425795, 113.43315497955055, 117.45595834076563, 29.237344944366004, 105.8831278425795, 0.0, 17.145829716033404, 33.04097171499351, 40.460476629327864, 113.43315497955055, 17.145829716033404, 0.0, 16.500803076717315, 52.17195034206176, 117.45595834076563, 33.04097171499351, 16.500803076717315, 0.0], "finger_dot_table": [0.0, 26.116260853320185, 130.30847316031628, 130.76948444540017, 131.0319607007453, 26.116260853320185, 0.02274935475022038, 139.39285214521925, 135.7181816151311, 130.29104350144235, 130.30847316031628, 139.39285214521925, 0.005301879000789693, 7.0188913015748415, 16.784908799350944, 130.76948444540017, 135.7181816151311, 7.0188913015748415, 0.0, 9.781821839079221, 131.0319607007453, 130.29104350144235, 16.784908799350944, 9.781821839079221, 0.0], "finger_straight_table": [0.0, 1.0, 0.0, 0.0, 0.0], "bone_dot_table": [90.00000105055241, 27.766005147579783, 19.836118334384025, 11.940493405977556, 5.240052797122633, 3.935580035079147, 76.5809568227833, 81.80721043894027, 37.134456710048916, 74.7083529377855, 83.0621518536127, 38.329613241325944, 76.73614187474568, 83.08884177612488, 36.958415126946115]}, {"fingertip_distance_table": [0.0, 85.26897527240003, 28.185536183631257, 34.93825725665054, 49.758289199195715, 85.26897527240003, 0.0, 106.21437093028008, 110.21768389029052, 116.93032952222329, 28.185536183631257, 106.21437093028008, 0.0, 16.740060085161055, 33.30314279016458, 34.93825725665054, 110.21768389029052, 16.740060085161055, 0.0, 17.45661522520481, 49.758289199195715, 116.93032952222329, 33.30314279016458, 17.45661522520481, 0.0], "finger_dot_table": [0.012925503100272389, 28.377402977229362, 130.33873552855115, 125.6832195990002, 128.21624429066853, 28.377402977229362, 0.0010548766541511375, 141.1154110241796, 131.81898253479378, 128.96184067417843, 130.33873552855115, 141.1154110241796, 0.0, 10.3658786261349, 17.21785694701735, 125.6832195990002, 131.81898253479378, 10.3658786261349, 0.0050252463234143644, 8.652908731781823, 128.21624429066853, 128.96184067417843, 17.21785694701735, 8.652908731781823, 0.02195022362337453], "finger_straight_table": [0.0, 1.0, 0.0, 0.0, 0.0], "bone_dot_table": [90.00000105055241, 27.57579686433061, 20.202555435310856, 10.592000503290338, 5.17711579249473, 3.91211540689486, 75.7275575823892, 83.1335828566718, 37.98490984953376, 68.66848897116448, 83.90293828144864, 40.996872118676805, 73.16030084252088, 84.0541391580195, 39.19744670249496]}, {"fingertip_distance_table": [0.0, 87.74521398154718, 26.478980036440152, 31.118058080524303, 47.239497254694705, 87.74521398154718, 0.0, 106.0461456047564, 108.4048874811836, 116.29473552509258, 26.478980036440152, 106.0461456047564, 0.0, 17.35913311329023, 34.09471040873502, 31.118058080524303, 108.4048874811836, 17.35913311329023, 0.0, 18.004160057052555, 47.239497254694705, 116.29473552509258, 34.09471040873502, 18.004160057052555, 0.0], "finger_dot_table": [0.0, 30.718391688051334, 129.59957242571602, 123.799499738933, 126.84406743446478, 30.718391688051334, 0.0, 142.2802425328611, 131.30452541365986, 129.16512858802344, 129.59957242571602, 142.2802425328611, 0.012641929159055107, 11.749759515114196, 17.178391438204862, 123.799499738933, 131.30452541365986, 11.749759515114196, 0.0, 7.847151826197663, 126.84406743446478, 129.16512858802344, 17.178391438204862, 7.847151826197663, 0.01312051002016811], "finger_straight_table": [0.0, 1.0, 0.0, 0.0, 0.0], "bone_dot_table": [90.00000105055241, 27.555008465195346, 20.618489752389785, 9.202092015529471, 5.167847340391602, 3.9361667108876617, 74.36940021199113, 84.30291051901933, 39.016827011162974, 64.7822918354095, 85.95344955924956, 43.52003292628592, 69.72485795084926, 86.29641232322086, 41.73737283265536]}, {"fingertip_distance_table": [0.0, 89.74864452027116, 22.149408483345592, 30.182430776884654, 46.44953899316182, 89.74864452027116, 0.0, 103.60662581876004, 108.81555371637111, 116.34002704239137, 22.149408483345592, 103.60662581876004, 0.0, 17.28220416250932, 34.776407673237884, 30.182430776884654, 108.81555371637111, 17.28220416250932, 0.0, 18.145143327113775, 46.44953899316182, 116.34002704239137, 34.776407673237884, 18.145143327113775, 0.0], "finger_dot_table": [0.015095245945181532, 32.02904814225415, 126.61434092201624, 123.00710390057947, 125.06549676569561, 32.02904814225415, 0.005370924296626999, 140.9873726681148, 132.25550015094126, 129.26017783541516, 126.61434092201624, 140.9873726681148, 0.0, 9.975553365414713, 16.241621791600323, 123.00710390057947, 132.25550015094126, 9.975553365414713, 0.0, 7.4485323324889, 125.06549676569561, 129.26017783541516, 16.241621791600323, 7.4485323324889, 0.01942526605776655], "finger_straight_table": [0.0, 1.0, 0.0, 0.0, 0.0], "bone_dot_table": [90.00000105055241, 27.555450396317756, 20.66994571093613, 7.164051014889818, 5.28955749896197, 4.0789236447137736, 69.5538874949368, 85.86593976296533, 41.605156621805165, 63.439795077566224, 86.46189110120667, 44.29916901067975, 67.36228059231448, 86.98727154963369, 43.04146750057039]}, {"fingertip_distance_table": [0.0, 94.30159075255976, 21.564059964828033, 26.0382399570699, 41.15763051857006, 94.30159075255976, 0.0, 103.45245356127703, 109.30978851264473, 116.54161542710867, 21.564059964828033, 103.45245356127703, 0.0, 17.283396717566173, 34.82912133714876, 26.0382399570699, 109.30978851264473, 17.283396717566173, 0.0, 18.065447808988885, 41.15763051857006, 116.54161542710867, 34.82912133714876, 18.065447808988885, 0.0], "finger_dot_table": [0.0, 36.855159695646705, 124.29289923474812, 122.3612934408766, 124.52113786897587, 36.855159695646705, 0.020788360880905302, 140.4573099319511, 132.4886111420992, 129.02996555986982, 124.29289923474812, 140.4573099319511, 0.0, 9.44744513828099, 15.962730414972468, 122.3612934408766, 132.4886111420992, 9.44744513828099, 0.0, 7.253043682120153, 124.52113786897587, 129.02996555986982, 15.962730414972468, 7.253043682120153, 0.0], "finger_straight_table": [0.0, 1.0, 0.0, 0.0, 0.0], "bone_dot_table": [90.00000105055241, 27.616165568267782, 19.113863273829505, 6.812741920588167, 6.1259746388393985, 4.736949047855927, 69.33605032905497, 85.97020609893006, 41.73676152812624, 64.05390403664654, 86.55818959211891, 44.102990683615054, 67.49609707150077, 87.01570251904543, 43.008626396292826]}, {"fingertip_distance_table": [0.0, 98.97762388771037, 24.127687142316, 21.612364348779302, 33.7905521369425, 98.97762388771037, 0.0, 103.35270408774932, 109.70243882096183, 116.75592765852863, 24.127687142316, 103.35270408774932, 0.0, 17.217452866709618, 34.84454953674402, 21.612364348779302, 109.70243882096183, 17.217452866709618, 0.0, 18.14882187357358, 33.7905521369425, 116.75592765852863, 34.84454953674402, 18.14882187357358, 0.0], "finger_dot_table": [0.0, 42.044556953435, 122.83671612268789, 122.0514035140142, 124.67009723768241, 42.044556953435, 0.013118387146121714, 138.8971478084117, 131.07092451576588, 127.48094505401983, 122.83671612268789, 138.8971478084117, 0.0010210019249952506, 9.296499538016334, 15.739375581256178, 122.0514035140142, 131.07092451576588, 9.296499538016334, 0.0030365655262506153, 7.056008069017132, 124.67009723768241, 127.48094505401983, 15.739375581256178, 7.056008069017132, 0.0], "finger_straight_table": [0.0, 1.0, 0.0, 0.0, 0.0], "bone_dot_table": [90.00000105055241, 26.307158965787167, 18.84087599025916, 6.691324176155245, 8.180624982579712, 6.348848830888662, 69.59313521108831, 85.82970723291413, 41.56428253004216, 64.7715442411081, 86.12245238091289, 43.59919842438713, 67.70612023151132, 86.88541241020654, 42.86714434797877]}, {"fingertip_distance_table": [0.0, 100.61710294020541, 25.316002101563097, 21.68728253611059, 32.23124747588962, 100.61710294020541, 0.0, 104.81139247235429, 111.60273709519988, 118.31740688588734, 25.316002101563097, 104.81139247235429, 0.0, 17.14929617167251, 34.81570694940682, 21.68728253611059, 111.60273709519988, 17.14929617167251, 0.0, 18.153769693757, 32.23124747588962, 118.31740688588734, 34.81570694940682, 18.153769693757, 0.0], "finger_dot_table": [0.0, 44.59777364061008, 123.56314202254262, 123.25891374268518, 125.23150003634531, 44.59777364061008, 0.0, 138.95666189218852, 131.1622814286876, 126.8619102760391, 123.56314202254262, 138.95666189218852, 0.0, 9.11475599451797, 15.570018444721107, 123.25891374268518, 131.1622814286876, 9.11475599451797, 0.0, 6.796873106241987, 125.23150003634531, 126.8619102760391, 15.570018444721107, 6.796873106241987, 0.0], "finger_straight_table": [0.0, 1.0, 0.0, 0.0, 0.0], "bone_dot_table": [90.00000105055241, 26.026391697435173, 18.877688459076584, 6.576537809546865, 9.836826105349605, 7.72943218962014, 70.26322250558302, 85.63198072221574, 41.206582479556005, 65.78087266628299, 85.88629023985266, 43.08322168788172, 68.014324341574, 86.71834952399936, 42.668439812678905]}, {"fingertip_distance_table": [0.0, 98.09930873768171, 23.154823181138745, 31.201343272058697, 38.69008286456682, 98.09930873768171, 0.0, 105.98713176276108, 118.25243255990871, 122.21216850248784, 23.154823181138745, 105.98713176276108, 0.0, 19.207051649952085, 35.09189557583886, 31.201343272058697, 118.25243255990871, 19.207051649952085, 0.0, 17.7675131459258, 38.69008286456682, 122.21216850248784, 35.09189557583886, 17.7675131459258, 0.0], "finger_dot_table": [0.0, 42.14215301475256, 125.17602982931881, 131.2230025265464, 129.13265739441957, 42.14215301475256, 0.0, 138.90889964966559, 138.02784420533413, 130.51775318162544, 125.17602982931881, 138.90889964966559, 0.0, 7.764688493407664, 13.407151466719164, 131.2230025265464, 138.02784420533413, 7.764688493407664, 0.01572806623811513, 7.837612639148102, 129.13265739441957, 130.51775318162544, 13.407151466719164, 7.837612639148102, 0.0], "finger_straight_table": [0.0, 1.0, 0.0, 0.0, 0.0], "bone_dot_table": [90.00000105055241, 24.92367183262221, 20.831207959772602, 7.532328363014198, 9.92112180987026, 7.866397200728651, 70.05995913243923, 85.11046470870592, 41.03139080113431, 73.81266016028674, 85.27347560773966, 39.66348097676664, 72.84800135715494, 85.66260684953001, 40.267082220816114]}, {"fingertip_distance_table": [0.0, 100.24273047846621, 27.50127498755304, 38.00085886330153, 42.148266887095744, 100.24273047846621, 0.0, 112.8965710190428, 124.86223443919843, 126.47470992960544, 27.50127498755304, 112.8965710190428, 0.0, 19.306902306616912, 34.13833951900123, 38.00085886330153, 124.86223443919843, 19.306902306616912, 0.0, 18.06069212339477, 42.148266887095744, 126.47470992960544, 34.13833951900123, 18.06069212339477, 0.0], "finger_dot_table": [0.0, 44.08641110616666, 129.4735347286235, 136.82106980567838, 132.05465737094812, 44.08641110616666, 0.0, 145.55672225437365, 144.4652038846364, 134.6628507040566, 129.4735347286235, 145.55672225437365, 0.018180519250020025, 8.450835784032575, 13.725937316229107, 136.82106980567838, 144.4652038846364, 8.450835784032575, 0.0, 9.849886438926834, 132.05465737094812, 134.6628507040566, 13.725937316229107, 9.849886438926834, 0.0], "finger_straight_table": [0.0, 1.0, 0.0, 0.0, 0.0], "bone_dot_table": [90.00000105055241, 24.478806550786352, 21.65764115267675, 9.461188582425844, 9.088290156396084, 7.354969002154067, 75.50730553672844, 83.91551140670238, 38.38396498163116, 80.18170070472871, 84.631556548353, 36.91785897549406, 76.11670560440209, 85.28136760186327, 38.805379652228126]}, {"fingertip_distance_table": [0.0, 96.60188844194816, 32.64965014091406, 45.491977364580045, 53.32232129777791, 96.60188844194816, 0.0, 118.12700672383389, 127.80051625893971, 129.45551030791702, 32.64965014091406, 118.12700672383389, 0.0, 17.688681181642636, 33.48537199173682, 45.491977364580045, 127.80051625893971, 17.688681181642636, 0.0, 17.931371019232785, 53.32232129777791, 129.45551030791702, 33.48537199173682, 17.931371019232785, 0.0], "finger_dot_table": [0.012300618753321332, 38.7564823769146, 135.69644222391634, 139.333077746709, 133.72439205919414, 38.7564823769146, 0.0, 151.7947509814233, 147.31726366674533, 138.50606548986406, 135.69644222391634, 151.7947509814233, 0.019653676357088184, 7.56352686068914, 14.309303322907553, 139.333077746709, 147.31726366674533, 7.56352686068914, 0.0, 8.950822889750038, 133.72439205919414, 138.50606548986406, 14.309303322907553, 8.950822889750038, 0.0], "finger_straight_table": [0.0, 1.0, 0.0, 0.0, 0.0], "bone_dot_table": [90.00000105055241, 22.93634896762073, 22.40166693315924, 11.66838537108296, 8.245481677527383, 6.844256313106599, 78.80624790881059, 83.59461877949741, 36.98212469042505, 80.74605678261882, 84.23821387052992, 36.53049346089812, 77.510144184826, 85.1123082527795, 38.1822413097745]}, {"fingertip_distance_table": [0.0, 96.20237498061898, 36.74218623223476, 50.70870632354502, 60.05760879275356, 96.20237498061898, 0.0, 121.10134435809233, 129.95617440680817, 131.46310934706204, 36.74218623223476, 121.10134435809233, 0.0, 17.262234720193852, 33.241941561975025, 50.70870632354502, 129.95617440680817, 17.262234720193852, 0.0, 17.83635353603994, 60.05760879275356, 131.46310934706204, 33.241941561975025, 17.83635353603994, 0.0], "finger_dot_table": [0.0026506447839541153, 37.001813643739254, 138.59740968699654, 140.36632426860874, 134.2025434891162, 37.001813643739254, 0.0, 155.63841594969108, 149.75218005053148, 141.47397671522398, 138.59740968699654, 155.63841594969108, 0.0, 7.481524106026543, 14.481968830939241, 140.36632426860874, 149.75218005053148, 7.481524106026543, 0.0, 8.608633908437197, 134.2025434891162, 141.47397671522398, 14.481968830939241, 8.608633908437197, 0.0], "finger_straight_table": [0.0, 1.0, 0.0, 0.0, 0.0], "bone_dot_table": [90.00000105055241, 22.00400081339115, 22.798662786045973, 14.421167384371804, 7.849398962726275, 6.670121256046157, 79.80959864497923, 83.67738556087464, 36.63742659777034, 81.05478502565066, 84.15080229010556, 36.37369855728665, 78.23576618600644, 85.0231339266571, 37.857834161809365]}, {"fingertip_distance_table": [0.0, 97.36755668421489, 37.09880719673439, 51.21973153425729, 60.453981899572725, 97.36755668421489, 0.0, 122.03353335979683, 130.76982006699112, 132.04383104472672, 37.09880719673439, 122.03353335979683, 0.0, 17.300044565427996, 33.19359798338655, 51.21973153425729, 130.76982006699112, 17.300044565427996, 0.0, 17.834879935860553, 60.453981899572725, 132.04383104472672, 33.19359798338655, 17.834879935860553, 0.0], "finger_dot_table": [0.007052685130916811, 37.731380368809084, 138.84119731918244, 140.7355226635754, 134.44748473239687, 37.731380368809084, 0.015200715119778512, 156.82040971576004, 150.78130395742724, 142.57201005849737, 138.84119731918244, 156.82040971576004, 0.0, 7.505188218999846, 14.461621712641376, 140.7355226635754, 150.78130395742724, 7.505188218999846, 0.014657905834244896, 8.673743891624131, 134.44748473239687, 142.57201005849737, 14.461621712641376, 8.673743891624131, 0.0], "finger_straight_table": [0.0, 1.0, 0.0, 0.0, 0.0], "bone_dot_table": [90.00000105055241, 21.961550597572042, 22.816737680527165, 15.896308006392932, 8.532734266152715, 7.335058139525094, 80.01619663029533, 83.64735878034595, 36.54598099544754, 81.43956925057834, 84.11101800376038, 36.208544773987285, 78.52542176310455, 84.98753222083502, 37.72843752387276]}, {"fingertip_distance_table": [0.0, 101.02446952981838, 37.056736555617036, 51.57336059414116, 60.63696365059354, 101.02446952981838, 0.0, 124.4302084730011, 132.9335832145465, 133.91588830649349, 37.056736555617036, 124.4302084730011, 0.0, 17.52159002909559, 33.293568351358836, 51.57336059414116, 132.9335832145465, 17.52159002909559, 0.0, 17.902161841821723, 60.63696365059354, 133.91588830649349, 33.293568351358836, 17.902161841821723, 0.0], "finger_dot_table": [0.002611004559895145, 42.12382466219234, 138.47221101991957, 141.00439281208745, 134.58226266437623, 42.12382466219234, 0.0, 158.25250933553266, 151.6548157087718, 143.9965129769711, 138.47221101991957, 158.25250933553266, 0.0, 7.621088103734637, 14.26488660378391, 141.00439281208745, 151.6548157087718, 7.621088103734637, 0.0, 8.753815240485595, 134.58226266437623, 143.9965129769711, 14.26488660378391, 8.753815240485595, 0.0], "finger_straight_table": [0.0, 1.0, 0.0, 0.0, 0.0], "bone_dot_table": [90.00000105055241, 21.943199837697243, 22.824564644632925, 20.35220828392853, 8.357272092193686, 7.368645048881649, 79.97958631253006, 83.27576979514978, 36.3976600248778, 81.83383342540905, 83.97369484846585, 35.999018023224316, 78.68307908835443, 84.96817894568679, 37.65794625960951]}, {"fingertip_distance_table": [0.0, 104.08829238979084, 36.56339522782117, 50.986197413819745, 60.042637320923156, 104.08829238979084, 0.0, 126.83842262523578, 134.60784604691335, 135.239379158232, 36.56339522782117, 126.83842262523578, 0.0, 17.704930612040066, 33.77293341745349, 50.986197413819745, 134.60784604691335, 17.704930612040066, 0.0, 18.18209155421417, 60.042637320923156, 135.239379158232, 33.77293341745349, 18.18209155421417, 0.0], "finger_dot_table": [0.0, 46.129860755472166, 136.92022047514143, 140.4064767192678, 134.84304741339906, 46.129860755472166, 0.0, 158.41543740435594, 151.50895153997072, 144.6747864393278, 136.92022047514143, 158.41543740435594, 0.010325143132555474, 7.887720180574097, 13.744167846548567, 140.4064767192678, 151.50895153997072, 7.887720180574097, 0.00366203177983841, 8.141821105573705, 134.84304741339906, 144.6747864393278, 13.744167846548567, 8.141821105573705, 0.015231889456973312], "finger_straight_table": [0.0, 1.0, 0.0, 0.0, 0.0], "bone_dot_table": [90.00000105055241, 22.1546256021196, 22.73792632853863, 24.36886786115173, 8.587878036564048, 7.736042772705103, 80.2236702195342, 81.4765250598286, 35.5232530896995, 82.01179610581634, 83.10779198981771, 35.561882508685976, 78.78261430746011, 84.9559465032521, 37.61350467582524]}, {"fingertip_distance_table": [0.0, 106.16377588773051, 35.8446113023823, 49.98841414287441, 59.081987872440855, 106.16377588773051, 0.0, 128.0870008374096, 135.67223754027322, 135.80304762446687, 35.8446113023823, 128.0870008374096, 0.0, 17.603381985794034, 34.06379559828705, 49.98841414287441, 135.67223754027322, 17.603381985794034, 0.0, 18.64155894424371, 59.081987872440855, 135.80304762446687, 34.06379559828705, 18.64155894424371, 0.0], "finger_dot_table": [0.0, 48.58333395693589, 135.89445153436384, 139.34132818400494, 135.0599003480817, 48.58333395693589, 0.0072874102416131, 158.81591574405726, 151.54052094975887, 145.31407224397464, 135.89445153436384, 158.81591574405726, 0.0, 7.956635211750537, 13.505056766918468, 139.34132818400494, 151.54052094975887, 7.956635211750537, 0.0, 7.245152738054391, 135.0599003480817, 145.31407224397464, 13.505056766918468, 7.245152738054391, 0.0], "finger_straight_table": [0.0, 1.0, 0.0, 0.0, 0.0], "bone_dot_table": [90.00000105055241, 22.295907539926148, 22.77874992190967, 26.787717385199816, 8.939878477148312, 8.164793374134865, 80.2201449309435, 80.56027240956081, 35.12402567824444, 82.19539386174853, 81.80672346633908, 34.93765002741114, 78.85132140651433, 84.9475145241202, 37.58278050757606]}, {"fingertip_distance_table": [0.0, 108.11905538478588, 35.62844425400055, 48.793836407474444, 57.64814687871537, 108.11905538478588, 0.0, 129.14221094829867, 136.32911757494279, 136.1427405349125, 35.62844425400055, 129.14221094829867, 0.0, 17.208742649999202, 33.97789191851183, 48.793836407474444, 136.32911757494279, 17.208742649999202, 0.0, 18.821229744986045, 57.64814687871537, 136.1427405349125, 33.97789191851183, 18.821229744986045, 0.0], "finger_dot_table": [0.0, 50.75958465289234, 136.0803986829531, 138.9424322566395, 135.28049357621535, 50.75958465289234, 0.0, 159.57966636206382, 151.9199542767466, 146.03135502215733, 136.0803986829531, 159.57966636206382, 0.0, 7.861349882625166, 13.601290526904775, 138.9424322566395, 151.9199542767466, 7.861349882625166, 0.0, 6.914423565832247, 135.28049357621535, 146.03135502215733, 13.601290526904775, 6.914423565832247, 0.01884713308308985], "finger_straight_table": [0.0, 1.0, 0.0, 0.0, 0.0], "bone_dot_table": [90.00000105055241, 22.285220852838567, 23.318994284425415, 28.5807795087831, 8.992871010831452, 8.29846884588803, 80.76186123237646, 80.42391174410814, 34.86710578619712, 82.27888364247234, 81.30149457817764, 34.69084622450527, 78.90089414044911, 84.94142445540074, 37.56065253435634]}, {"fingertip_distance_table": [0.0, 98.32009192138493, 47.95906124101946, 62.74394057089855, 73.80574763465398, 98.32009192138493, 0.0, 129.1403728648364, 136.44390127543377, 136.5641467767464, 47.95906124101946, 129.1403728648364, 0.0, 16.568004613979276, 33.26286522633377, 62.74394057089855, 136.44390127543377, 16.568004613979276, 0.0, 18.446333019683514, 73.80574763465398, 136.5641467767464, 33.26286522633377, 18.446333019683514, 0.0], "finger_dot_table": [0.01594017444574262, 38.58160771555329, 142.18670957235284, 139.58036523188852, 134.05474016933016, 38.58160771555329, 0.009866720220622675, 159.6841543309599, 151.92025840099038, 145.9204644122836, 142.18670957235284, 159.6841543309599, 0.01261700483731648, 7.777185142482813, 14.145234018924087, 139.58036523188852, 151.92025840099038, 7.777185142482813, 0.019697166747414136, 6.804070305773713, 134.05474016933016, 145.9204644122836, 14.145234018924087, 6.804070305773713, 0.005944120581801003], "finger_straight_table": [1.0, 1.0, 0.0, 0.0, 0.0], "bone_dot_table": [90.00000105055241, 13.929071662781556, 23.167768347724895, 28.787581723270332, 9.04490536129971, 8.356488823348865, 81.42033313682116, 81.48129142585749, 35.08184985561335, 82.3167344595695, 81.07243088219563, 34.57892681186735, 79.94652917700866, 84.0924096718259, 36.789157052640086]}, {"fingertip_distance_table": [0.0, 97.99883260786052, 48.364964503838856, 63.4423963336168, 74.62078857714168, 97.99883260786052, 0.0, 128.50886637714027, 136.21673846655605, 136.3625449927362, 48.364964503838856, 128.50886637714027, 0.0, 16.56102773101162, 32.959631699707224, 63.4423963336168, 136.21673846655605, 16.56102773101162, 0.0, 18.21829375495437, 74.62078857714168, 136.3625449927362, 32.959631699707224, 18.21829375495437, 0.0], "finger_dot_table": [0.010759373852922765, 37.32990209303961, 142.62897873766536, 139.37285478083584, 133.9289424850708, 37.32990209303961, 0.0, 160.76575045004506, 152.9889990264379, 146.83195793208512, 142.62897873766536, 160.76575045004506, 0.0, 7.8205875101307845, 14.329105547591908, 139.37285478083584, 152.9889990264379, 7.8205875101307845, 0.006778094381203732, 6.782827459688902, 133.9289424850708, 146.83195793208512, 14.329105547591908, 6.782827459688902, 0.016139873011863124], "finger_straight_table": [1.0, 1.0, 0.0, 0.0, 0.0], "bone_dot_table": [90.00000105055241, 13.396253640142882, 23.113215279959686, 28.64371077843911, 9.705473679374208, 8.974393417971962, 80.97780316880579, 82.2902604420527, 35.59604916775127, 82.3388776444892, 80.93836675580073, 34.51339465191572, 80.57430382926837, 83.56223886247723, 36.31823338910822]}, {"fingertip_distance_table": [0.0, 99.24708340360847, 48.28389565942352, 63.630332022016425, 74.8516083674084, 99.24708340360847, 0.0, 128.57881807031288, 136.07004943615414, 135.77363055883228, 48.28389565942352, 128.57881807031288, 0.0, 16.70856270417756, 32.9653780158778, 63.630332022016425, 136.07004943615414, 16.70856270417756, 0.0, 18.134461569198248, 74.8516083674084, 135.77363055883228, 32.9653780158778, 18.134461569198248, 0.0], "finger_dot_table": [0.013559236908100276, 37.870121283375084, 142.33306576434813, 139.27233517381273, 133.90049818298658, 37.870121283375084, 0.0, 163.53921580986062, 155.81879630789766, 149.72914867643846, 142.33306576434813, 163.53921580986062, 0.0, 7.780554881181424, 14.253111420398922, 139.27233517381273, 155.81879630789766, 7.780554881181424, 0.0, 6.761512320498426, 133.90049818298658, 149.72914867643846, 14.253111420398922, 6.761512320498426, 0.0], "finger_straight_table": [1.0, 1.0, 0.0, 0.0, 0.0], "bone_dot_table": [90.00000105055241, 13.24879308917963, 23.09812897435489, 28.924674463446554, 9.56878675259035, 8.888020709486392, 80.61098463864307, 82.33623003231213, 35.750911196204775, 82.35338079371212, 80.85065944584215, 34.470536075285835, 80.84357392649203, 83.33497048261368, 36.11633353257113]}, {"fingertip_distance_table": [0.0, 97.69046368437924, 47.83159599508646, 63.4598347607684, 74.96320943797343, 97.69046368437924, 0.0, 127.16096000356838, 134.73703968017944, 134.61537750055928, 47.83159599508646, 127.16096000356838, 0.0, 16.93245363363643, 33.17715199496746, 63.4598347607684, 134.73703968017944, 16.93245363363643, 0.0, 18.049734098011353, 74.96320943