[{"fingertip_distance_table": [0.0, 105.85016648074787, 88.73692375306065, 100.81326905426953, 109.97676990645307, 105.85016648074787, 0.0, 84.99225372324058, 90.02947056304019, 91.49617382645741, 88.73692375306065, 84.99225372324058, 0.0, 17.442241110620763, 33.870535848442884, 100.81326905426953, 90.02947056304019, 17.442241110620763, 0.0, 17.32713016202037, 109.97676990645307, 91.49617382645741, 33.870535848442884, 17.32713016202037, 0.0], "finger_dot_table": [0.019937282742115724, 51.000731157281855, 121.38060159175322, 116.35404740102742, 101.8963200877059, 51.000731157281855, 0.0, 113.10916772121948, 111.68548449560299, 108.51488538867089, 121.38060159175322, 113.10916772121948, 0.017682102210297417, 5.276672158001489, 21.07170720567328, 116.35404740102742, 111.68548449560299, 5.276672158001489, 0.013043562317041988, 15.834739461369978, 101.8963200877059, 108.51488538867089, 21.07170720567328, 15.834739461369978, 0.0], "finger_straight_table": [0.0, 0.0, 0.0, 0.0, 0.0], "bone_dot_table": [90.00000105055241, 17.787163798615758, 7.078481242372044, 15.155887951917808, 30.389026054979762, 25.37491090298689, 61.088249431375026, 74.22477368738252, 37.74998506997181, 60.27859676596177, 74.5935820393941, 39.659345635188906, 59.97882051374444, 75.82409777606972, 40.048868281667595]}, {"fingertip_distance_table": [0.0, 111.24359933776213, 92.60758132560194, 104.42496780935322, 113.22099806541266, 111.24359933776213, 0.0, 85.94872736308902, 90.87135492087025, 92.95807301788494, 92.60758132560194, 85.94872736308902, 0.0, 17.375229156472837, 33.867488230900186, 104.42496780935322, 90.87135492087025, 17.375229156472837, 0.0, 17.319562002971175, 113.22099806541266, 92.95807301788494, 33.867488230900186, 17.319562002971175, 0.0], "finger_dot_table": [0.014985807610573222, 54.69790033483881, 120.18042424832339, 114.78227005137988, 100.6597629266209, 54.69790033483881, 0.01904453128646332, 116.95971346566786, 115.21020952340699, 112.22912118205161, 120.18042424832339, 116.95971346566786, 0.0075263826783289935, 5.47182035521737, 20.41841858058343, 114.78227005137988, 115.21020952340699, 5.47182035521737, 0.0, 15.032270439799994, 100.6597629266209, 112.22912118205161, 20.41841858058343, 15.032270439799994, 0.015760328370461055], "finger_straight_table": [1.0, 0.0, 0.0, 0.0, 0.0], "bone_dot_table": [90.00000105055241, 9.980120280605135, 19.213508779019858, 14.11876350379745, 21.622478289416534, 17.693352250606246, 60.16582740354798, 74.27132925862252, 38.60441098108686, 59.24513790892593, 74.4507709339749, 39.74085744465793, 59.87944854548222, 75.23637704129987, 39.759558545985755]}, {"fingertip_distance_table": [0.0, 115.18887764755588, 95.85693764126167, 107.25513300531847, 115.69921657226904, 115.18887764755588, 0.0, 88.15808124614692, 92.87504642113824, 94.56076441288316, 95.85693764126167, 88.15808124614692, 0.0, 17.334065357804224, 33.77618203582128, 107.25513300531847, 92.87504642113824, 17.334065357804224, 0.0, 17.265328810155662, 115.69921657226904, 94.56076441288316, 33.77618203582128, 17.265328810155662, 0.0], "finger_dot_table": [0.015653228991363913, 58.060121462095346, 119.72307097190017, 114.08762684923892, 99.27959198961412, 58.060121462095346, 0.0, 122.63914972727105, 120.70698281868259, 116.54666420863266, 119.72307097190017, 122.63914972727105, 0.0, 5.6409322490894525, 20.703914219973626, 114.08762684923892, 120.70698281868259, 5.6409322490894525, 0.017925029325597388, 15.123582637598194, 99.27959198961412, 116.54666420863266, 20.703914219973626, 15.123582637598194, 0.0], "finger_straight_table": [1.0, 0.0, 0.0, 0.0, 0.0], "bone_dot_table": [90.00000105055241, 3.4062828685406266, 22.60490418304692, 14.089607924802348, 13.387835412083327, 10.81225603724564, 59.853146989798994, 74.24932170849647, 38.882064796816, 58.90541990281458, 74.32277677436089, 39.72045713568896, 59.33783449800192, 74.64970505809669, 39.62796292948616]}, {"fingertip_distance_table": [0.0, 117.76490614984507, 99.27106153990954, 109.78884982084037, 117.3996802253, 117.76490614984507, 0.0, 91.55369175889047, 96.5478677321307, 96.69273247037266, 99.27106153990954, 91.55369175889047, 0.0, 17.28433609757177, 33.22905507661242, 109.78884982084037, 96.5478677321307, 17.28433609757177, 0.0, 16.994976938601983, 117.3996802253, 96.69273247037266, 33.22905507661242, 16.994976938601983, 0.0], "finger_dot_table": [0.011335367878074229, 61.043970463850094, 120.09336742642449, 114.06106459117576, 95.76450203153695, 61.043970463850094, 0.01418320131372755, 127.6459566021955, 126.3999388421388, 119.74916390062869, 120.09336742642449, 127.6459566021955, 0.0, 6.058082052143447, 24.391318136087882, 114.06106459117576, 126.3999388421388, 6.058082052143447, 0.0043900984129876894, 18.334370835119355, 95.76450203153695, 119.74916390062869, 24.391318136087882, 18.334370835119355, 0.0], "finger_straight_table": [1.0, 1.0, 0.0, 0.0, 0.0], "bone_dot_table": [90.00000105055241, 2.277132720948146, 24.609550379625436, 13.4471202196159, 8.81897320091823, 7.103113145297177, 61.38748151574857, 73.34754739377343, 38.11092844020594, 61.029097560494684, 73.61864189669411, 38.567499934699555, 60.68226179917015, 73.90912021961456, 38.86009161628324]}, {"fingertip_distance_table": [0.0, 119.72472521264865, 90.99374186784952, 103.32681911872658, 113.24864829641355, 119.72472521264865, 0.0, 94.83870760759648, 98.92262097219182, 97.59284665360138, 90.99374186784952, 94.83870760759648, 0.0, 16.849592511626923, 32.81832320688607, 103.32681911872658, 98.92262097219182, 16.849592511626923, 0.0, 17.137847536680898, 113.24864829641355, 97.59284665360138, 32.81832320688607, 17.137847536680898, 0.0], "finger_dot_table": [0.006195136026440773, 61.09401432665178, 109.99074451221847, 103.32679354193863, 83.73504452949422, 61.09401432665178, 0.0, 130.32836589443266, 128.66715907745586, 120.8105950326237, 109.99074451221847, 130.32836589443266, 0.0044617887810657715, 6.762528944527868, 26.6468197699072, 103.32679354193863, 128.66715907745586, 6.762528944527868, 0.0, 19.884418454977425, 83.73504452949422, 120.8105950326237, 26.6468197699072, 19.884418454977425, 0.0], "finger_straight_table": [1.0, 1.0, 0.0, 0.0, 0.0], "bone_dot_table": [90.00000105055241, 7.543296068759972, 27.022181146699708, 13.218861829006533, 8.054046271673208, 5.91464032230291, 64.81180462410809, 71.76984668955987, 36.06648008348318, 63.656770179124344, 72.45511879980758, 37.21879002206363, 62.252559598744284, 73.61213346559762, 38.54511340259094]}, {"fingertip_distance_table": [0.0, 119.47100332828984, 84.83393144731426, 97.50661147359375, 106.94909924723119, 119.47100332828984, 0.0, 101.23149455162446, 106.12743762527892, 103.65818074131454, 84.83393144731426, 101.23149455162446, 0.0, 15.146247582628703, 27.507405595840453, 97.50661147359375, 106.12743762527892, 15.146247582628703, 0.0, 13.878845780081308, 106.94909924723119, 103.65818074131454, 27.507405595840453, 13.878845780081308, 0.0], "finger_dot_table": [0.0, 63.83553191016153, 116.21056976663671, 107.8217550704404, 91.06752346657007, 63.83553191016153, 0.0, 146.2537422550866, 145.94321386920376, 139.05655848844228, 116.21056976663671, 146.2537422550866, 0.011851993909081787, 8.591091311305393, 25.452220040837247, 107.8217550704404, 145.94321386920376, 8.591091311305393, 0.00024505237490889294, 16.881715002015927, 91.06752346657007, 139.05655848844228, 25.452220040837247, 16.881715002015927, 0.01151651612584113], "finger_straight_table": [1.0, 1.0, 0.0, 0.0, 0.0], "bone_dot_table": [90.00000105055241, 13.014535735298999, 25.591128306192733, 15.145368568876993, 4.407183363542416, 3.3678137181460213, 77.49570777625479, 77.88646058034348, 34.83948201761715, 77.7657952785296, 77.63150937217293, 34.873851173514275, 78.48576086077601, 76.205798542372, 33.836171023124805]}, {"fingertip_distance_table": [0.0, 117.55809862886838, 87.84416821305803, 99.77259658804272, 108.42693942380315, 117.55809862886838, 0.0, 101.84957732421947, 105.66698244089, 102.9726672420506, 87.84416821305803, 101.84957732421947, 0.0, 14.301350320355397, 27.15605041114805, 99.77259658804272, 105.66698244089, 14.301350320355397, 0.0, 14.225072573003713, 108.42693942380315, 102.9726672420506, 27.15605041114805, 14.225072573003713, 0.0], "finger_dot_table": [0.0, 64.94631355566874, 119.64793145309861, 110.2076841566483, 93.34026554139334, 64.94631355566874, 0.0, 146.56840110835435, 144.6421536258347, 137.9713722400994, 119.64793145309861, 146.56840110835435, 0.0, 9.457175251161146, 26.30766685117666, 110.2076841566483, 144.6421536258347, 9.457175251161146, 0.0, 16.878902243779986, 93.34026554139334, 137.9713722400994, 26.30766685117666, 16.878902243779986, 0.0], "finger_straight_table": [1.0, 1.0, 0.0, 0.0, 0.0], "bone_dot_table": [90.00000105055241, 13.035482350989678, 21.83291839024235, 15.304487842362516, 4.615786457551727, 3.544689899810021, 79.2670892816351, 77.71843483950259, 34.19226122306481, 77.9541474500074, 77.3392627444011, 34.579853952481706, 78.09486140072728, 76.64843495454453, 34.17241590403879]}, {"fingertip_distance_table": [0.0, 117.82439779668466, 84.86907118569665, 97.46927443926525, 106.7168375980504, 117.82439779668466, 0.0, 101.92360892121042, 104.58125756692024, 102.65192119669034, 84.86907118569665, 101.92360892121042, 0.0, 13.641791307192848, 26.69138758587937, 97.46927443926525, 104.58125756692024, 13.641791307192848, 0.0, 14.313757276781203, 106.7168375980504, 102.65192119669034, 26.69138758587937, 14.313757276781203, 0.0], "finger_dot_table": [0.0, 64.2944262751532, 118.34789198690089, 107.76343001353322, 91.5466302301852, 64.2944262751532, 0.0, 147.79759212838005, 143.11429701664184, 138.03456288832868, 118.34789198690089, 147.79759212838005, 0.004745366455936998, 10.885441543723461, 26.805600494955293, 107.76343001353322, 143.11429701664184, 10.885441543723461, 0.016456835053601064, 16.532500351401033, 91.5466302301852, 138.03456288832868, 26.805600494955293, 16.532500351401033, 0.01456678662219097], "finger_straight_table": [1.0, 1.0, 0.0, 0.0, 0.0], "bone_dot_table": [90.00000105055241, 14.119869983432611, 23.76843025717362, 15.894969408225327, 3.9688931417771056, 3.0438961393232162, 80.1846372599766, 78.55756782269872, 34.34866892308119, 77.03959672626513, 77.10495632397357, 34.827957028996465, 78.28941638259722, 76.75964878969722, 34.163013054220784]}, {"fingertip_distance_table": [0.0, 116.36736069392384, 87.07927257861428, 99.21777418616473, 107.95702219405365, 116.36736069392384, 0.0, 101.504436494346, 104.8367014842573, 102.66015880203089, 87.07927257861428, 101.504436494346, 0.0, 14.239538640720854, 27.512035836234826, 99.21777418616473, 104.8367014842573, 14.239538640720854, 0.0, 14.494945548394362, 107.95702219405365, 102.66015880203089, 27.512035836234826, 14.494945548394362, 0.0], "finger_dot_table": [0.013173687815976705, 63.42993865898844, 119.6969092431196, 110.02197996564935, 93.26360353183537, 63.42993865898844, 0.00932454323926235, 145.56429903188402, 142.6051955984979, 136.5807891924961, 119.6969092431196, 145.56429903188402, 0.018357662275502437, 9.734081575803215, 26.443767604093544, 110.02197996564935, 142.6051955984979, 9.734081575803215, 0.016662432177523397, 16.867912416923556, 93.26360353183537, 136.5807891924961, 26.443767604093544, 16.867912416923556, 0.012653167568688114], "finger_straight_table": [1.0, 1.0, 0.0, 0.0, 0.0], "bone_dot_table": [90.00000105055241, 12.483491640968579, 21.381528344690736, 14.72806115687601, 4.896064206640054, 3.796785627623864, 78.45451123290447, 77.37741434664017, 34.37598492126573, 76.32207435208763, 76.96553468398714, 34.970373588396924, 76.86320269245269, 76.71414079367733, 34.63837145370534]}, {"fingertip_distance_table": [0.0, 115.81873352316914, 87.97983962278268, 99.91645615484329, 108.27381061105253, 115.81873352316914, 0.0, 102.50046128891431, 106.1037572197945, 103.71219948943939, 87.97983962278268, 102.50046128891431, 0.0, 14.535326743413076, 27.773813875230147, 99.91645615484329, 106.1037572197945, 14.535326743413076, 0.0, 14.515254568030842, 108.27381061105253, 103.71219948943939, 27.773813875230147, 14.515254568030842, 0.0], "finger_dot_table": [0.0, 63.063554246690316, 119.99626612859839, 110.80686074503156, 93.66138937064076, 63.063554246690316, 0.018965008932927366, 146.48355025568773, 143.82796758268782, 136.98666694019693, 119.99626612859839, 146.48355025568773, 0.0, 9.233761604925562, 26.336065552291245, 110.80686074503156, 143.82796758268782, 9.233761604925562, 0.0, 17.189752606473473, 93.66138937064076, 136.98666694019693, 26.336065552291245, 17.189752606473473, 0.0], "finger_straight_table": [1.0, 1.0, 0.0, 0.0, 0.0], "bone_dot_table": [90.00000105055241, 13.272575838752925, 22.585991167951395, 13.352991234977484, 5.5657921152612095, 4.376168655896273, 77.93159777850171, 77.0455827615615, 34.40040623642859, 76.16691456417824, 76.87372436950125, 34.968965590930765, 76.49998468606914, 76.64048251673074, 34.732843647091904]}, {"fingertip_distance_table": [0.0, 114.44439577693902, 88.87877870328131, 100.6032442463999, 108.37644746128503, 114.44439577693902, 0.0, 101.83068741506031, 105.80780503870157, 103.77522555710112, 88.87877870328131, 101.83068741506031, 0.0, 14.952037610887317, 28.219969447831993, 100.6032442463999, 105.80780503870157, 14.952037610887317, 0.0, 14.554616593902503, 108.37644746128503, 103.77522555710112, 28.219969447831993, 14.554616593902503, 0.0], "finger_dot_table": [0.012108711474329528, 62.80369009866083, 120.74349811962207, 112.09750691652181, 94.77299367261887, 62.80369009866083, 0.0178784936317186, 145.07691696556225, 142.8288457880532, 136.42205109516968, 120.74349811962207, 145.07691696556225, 0.01257062000447384, 8.673189839479848, 25.9782107370466, 112.09750691652181, 142.8288457880532, 8.673189839479848, 0.01735613075218051, 17.380484526907075, 94.77299367261887, 136.42205109516968, 25.9782107370466, 17.380484526907075, 0.012320982746711525], "finger_straight_table": [1.0, 1.0, 0.0, 0.0, 0.0], "bone_dot_table": [90.00000105055241, 13.420168463003828, 21.90880608501589, 12.920886986112741, 6.022117045928603, 4.75032963605864, 76.62803483118567, 76.73699308861156, 34.70892856729086, 75.30499480982537, 76.70608719990226, 35.17343932117654, 76.16600521829716, 76.59000070010657, 34.828593655587326]}, {"fingertip_distance_table": [0.0, 113.70391542051091, 82.25520770444687, 94.90333720495926, 106.25406677470578, 113.70391542051091, 0.0, 97.9459593676133, 102.52297970928207, 102.70606254730643, 82.25520770444687, 97.9459593676133, 0.0, 14.901533490774248, 29.437794732075094, 94.90333720495926, 102.52297970928207, 14.901533490774248, 0.0, 15.353818640335216, 106.25406677470578, 102.70606254730643, 29.437794732075094, 15.353818640335216, 0.0], "finger_dot_table": [0.010709468318055354, 62.311631347113625, 115.70565400968098, 106.42312412566703, 96.00369271442909, 62.311631347113625, 0.0, 140.05073034196002, 138.23855807991356, 133.40303561929562, 115.70565400968098, 140.05073034196002, 0.0, 9.356077269024029, 19.74633408331447, 106.42312412566703, 138.23855807991356, 9.356077269024029, 0.0, 10.420171821192692, 96.00369271442909, 133.40303561929562, 19.74633408331447, 10.420171821192692, 0.0], "finger_straight_table": [1.0, 1.0, 0.0, 0.0, 0.0], "bone_dot_table": [90.00000105055241, 14.86364970108578, 17.291297064738462, 16.105091859979783, 3.7274322269906874, 2.8776094245394224, 74.98691858448987, 76.23140626542198, 34.19468925629504, 74.79760865921952, 75.12434500678667, 35.00016314072498, 76.94277567510285, 73.07431764352015, 33.55840202651564]}, {"fingertip_distance_table": [0.0, 113.3835355582985, 83.49608610054145, 95.8078566188433, 107.16240452610236, 113.3835355582985, 0.0, 99.42776333482867, 103.53039432472706, 102.68217879076455, 83.49608610054145, 99.42776333482867, 0.0, 14.812980098595185, 29.715230859081174, 95.8078566188433, 103.53039432472706, 14.812980098595185, 0.0, 15.810669482902021, 107.16240452610236, 102.68217879076455, 29.715230859081174, 15.810669482902021, 0.0], "finger_dot_table": [0.007237606224219177, 61.73149676755635, 117.67016154778294, 108.37135888273144, 97.85885943158466, 61.73149676755635, 0.0, 141.25782174645875, 139.36055920517046, 133.3124165532401, 117.67016154778294, 141.25782174645875, 0.0, 9.338520721623594, 19.816684862038255, 108.37135888273144, 139.36055920517046, 9.338520721623594, 0.01394267933121106, 10.603378996014268, 97.85885943158466, 133.3124165532401, 19.816684862038255, 10.603378996014268, 0.0], "finger_straight_table": [1.0, 1.0, 0.0, 0.0, 0.0], "bone_dot_table": [90.00000105055241, 14.44622558989206, 22.245254661075343, 14.991208042135543, 4.95246045938601, 3.85023222575077, 75.74226693383565, 75.96249522699394, 33.800444088965506, 74.95886406209993, 75.4391780207906, 34.8151307859704, 75.07567641834656, 74.29499272189011, 34.40039877644764]}, {"fingertip_distance_table": [0.0, 113.69644182011686, 85.4066502395979, 97.35866996184649, 108.1990553841034, 113.69644182011686, 0.0, 101.50375093213148, 105.90962328865928, 104.2355267332279, 85.4066502395979, 101.50375093213148, 0.0, 14.946379238687982, 29.62420313860107, 97.35866996184649, 105.90962328865928, 14.946379238687982, 0.0, 15.829904801403472, 108.1990553841034, 104.2355267332279, 29.62420313860107, 15.829904801403472, 0.0], "finger_dot_table": [0.0, 62.14383894158212, 118.92609116295026, 110.15221776496111, 99.27937284756757, 62.14383894158212, 0.0, 143.56351526189587, 142.2791446300362, 135.73852674145058, 118.92609116295026, 143.56351526189587, 0.017722251032314038, 8.820658918836047, 19.675093749438567, 110.15221776496111, 142.2791446300362, 8.820658918836047, 0.01136940673370401, 11.064551461753565, 99.27937284756757, 135.73852674145058, 19.675093749438567, 11.064551461753565, 0.012511271253149854], "finger_straight_table": [1.0, 1.0, 0.0, 0.0, 0.0], "bone_dot_table": [90.00000105055241, 14.515025163841788, 23.121275048205014, 13.834625927741248, 5.89963476948187, 4.628271838979112, 77.16535757731471, 75.72052074255943, 33.710721156057815, 76.83895980044043, 75.52270861247406, 34.1281320335965, 76.09005913368333, 74.97802520235034, 34.21542516410735]}, {"fingertip_distance_table": [0.0, 114.2162204220415, 86.05818689608844, 98.07584904063592, 108.41545786507258, 114.2162204220415, 0.0, 102.55001715178035, 106.44921556594181, 104.69445600951404, 86.05818689608844, 102.55001715178035, 0.0, 14.797659029625569, 29.36171829005134, 98.07584904063592, 106.44921556594181, 14.797659029625569, 0.0, 15.622045399972816, 108.41545786507258, 104.69445600951404, 29.36171829005134, 15.622045399972816, 0.0], "finger_dot_table": [0.011986285190453982, 62.38174782671285, 119.22589700954997, 110.59533562871184, 99.02219435558828, 62.38174782671285, 0.0, 144.74007121483962, 142.71336772175604, 136.55787031888573, 119.22589700954997, 144.74007121483962, 0.018326191130609112, 8.630722012556626, 20.249618409046565, 110.59533562871184, 142.71336772175604, 8.630722012556626, 0.010018308189152472, 11.651368390334294, 99.02219435558828, 136.55787031888573, 20.249618409046565, 11.651368390334294, 0.013600252387777156], "finger_straight_table": [1.0, 1.0, 0.0, 0.0, 0.0], "bone_dot_table": [90.00000105055241, 14.495613579660855, 25.138482425370558, 13.451616760798544, 6.464533858728244, 5.08692880069135, 78.31875524029682, 75.63953333558477, 33.46188428005965, 77.21295902193441, 75.54995293869705, 33.99655314982068, 76.73056713937152, 75.28381320963858, 34.07578807861249]}, {"fingertip_distance_table": [0.0, 114.32695576764283, 86.55210532439887, 98.49480598413469, 108.3632983721063, 114.32695576764283, 0.0, 102.69593186498746, 106.99903394677777, 105.33772087235775, 86.55210532439887, 102.69593186498746, 0.0, 15.083776686362068, 29.351685739367074, 98.49480598413469, 106.99903394677777, 15.083776686362068, 0.0, 15.396703872940636, 108.3632983721063, 105.33772087235775, 29.351685739367074, 15.396703872940636, 0.0], "finger_dot_table": [0.002347145368493761, 62.2907474205526, 119.17876670936842, 110.9619997621968, 98.83902436523036, 62.2907474205526, 0.009973824207113452, 144.65849291377233, 143.22131919511216, 137.50114663358696, 119.17876670936842, 144.65849291377233, 0.0, 8.229067780349574, 20.339873663405662, 110.9619997621968, 143.22131919511216, 8.229067780349574, 0.0, 12.135677332930328, 98.83902436523036, 137.50114663358696, 20.339873663405662, 12.135677332930328, 0.0], "finger_straight_table": [1.0, 1.0, 0.0, 0.0, 0.0], "bone_dot_table": [90.00000105055241, 14.631768582260383, 26.29991261058577, 13.016890779846053, 6.625646238415453, 5.22709815553333, 78.00708265146487, 75.44425122833961, 33.544400213880905, 77.41732395427334, 75.52621289241432, 33.907981705941204, 77.4738956750573, 75.39407443927233, 33.84181767361841]}, {"fingertip_distance_table": [0.0, 113.88468292240833, 87.14083427382724, 98.89434092360774, 108.44118386373403, 113.88468292240833, 0.0, 102.67881305657448, 107.67634601249115, 106.029742605417, 87.14083427382724, 102.67881305657448, 0.0, 15.610307235848136, 29.656043404834584, 98.89434092360774, 107.67634601249115, 15.610307235848136, 0.0, 15.321020171444303, 108.44118386373403, 106.029742605417, 29.656043404834584, 15.321020171444303, 0.0], "finger_dot_table": [0.01696133749336778, 61.80913659121702, 119.40471147768945, 111.73379816924341, 99.45292219556227, 61.80913659121702, 0.0, 144.4972858956195, 144.13598987869557, 138.43367145722593, 119.40471147768945, 144.4972858956195, 0.0, 7.806741639236396, 19.98187132914357, 111.73379816924341, 144.13598987869557, 7.806741639236396, 0.020452539499477215, 12.288121657253258, 99.45292219556227, 138.43367145722593, 19.98187132914357, 12.288121657253258, 0.0], "finger_straight_table": [1.0, 1.0, 0.0, 0.0, 0.0], "bone_dot_table": [90.00000105055241, 14.472970892873377, 26.033734517191768, 12.622602569496436, 6.534371741466982, 5.180937756706652, 77.01791255442714, 75.20156081648352, 33.83174434454191, 77.4259118980806, 75.48403394283443, 33.88286757509965, 77.70626194123835, 75.36957140221605, 33.74256148618738]}, {"fingertip_distance_table": [0.0, 113.05729072925534, 89.44283632363705, 100.71198065122645, 109.25128113964475, 113.05729072925534, 0.0, 103.29493742685665, 108.2304361034639, 106.94492014170324, 89.44283632363705, 103.29493742685665, 0.0, 15.605998335514567, 29.51658920743986, 100.71198065122645, 108.2304361034639, 15.605998335514567, 0.0, 15.079221390589638, 109.25128113964475, 106.94492014170324, 29.51658920743986, 15.079221390589638, 0.0], "finger_dot_table": [0.0, 61.82571246501807, 121.30487539056503, 113.69156826176778, 101.1636623416088, 61.82571246501807, 0.0, 145.1486336089638, 144.50625218722502, 139.30298358349768, 121.30487539056503, 145.1486336089638, 0.004009092732184619, 7.652534896473324, 20.149807691607702, 113.69156826176778, 144.50625218722502, 7.652534896473324, 0.007894808027117676, 12.529940418810991, 101.1636623416088, 139.30298358349768, 20.149807691607702, 12.529940418810991, 0.0], "finger_straight_table": [1.0, 1.0, 0.0, 0.0, 0.0], "bone_dot_table": [90.00000105055241, 13.828245298592906, 23.841677284932114, 12.14855156791376, 6.576189642183978, 5.233727577775992, 77.20233050559105, 75.03527429770995, 33.708996446198384, 77.47251300982593, 75.29481910385579, 33.777966305480405, 78.74464220274909, 74.9936682500453, 33.21212745839518]}, {"fingertip_distance_table": [0.0, 109.94140909924613, 90.53020910371379, 101.37393900845245, 108.79783553248872, 109.94140909924613, 0.0, 104.82655604383382, 109.30493512937255, 107.88744355616299, 90.53020910371379, 104.82655604383382, 0.0, 15.22995023884068, 29.163436665111682, 101.37393900845245, 109.30493512937255, 15.22995023884068, 0.0, 15.081962599809783, 108.79783553248872, 107.88744355616299, 29.163436665111682, 15.081962599809783, 0.0], "finger_dot_table": [0.00847193607138104, 59.799968932496355, 125.22484952899612, 117.58929717790566, 104.78467752430213, 59.799968932496355, 0.0, 146.79938839719284, 145.28775395046003, 140.72253816293656, 125.22484952899612, 146.79938839719284, 0.016840022113303373, 7.646088774339507, 20.440544194966343, 117.58929717790566, 145.28775395046003, 7.646088774339507, 0.01867203295007372, 12.808368001326832, 104.78467752430213, 140.72253816293656, 20.440544194966343, 12.808368001326832, 0.0], "finger_straight_table": [1.0, 1.0, 0.0, 0.0, 0.0], "bone_dot_table": [90.00000105055241, 11.47619805029686, 19.615107138627817, 11.512529849305038, 6.659884363799684, 5.296736381933996, 79.36934491674951, 74.75808049043901, 32.87181206895857, 78.90804132637062, 75.01074009303926, 33.15539845388357, 80.43146590806786, 75.47417118634179, 32.837678718034695]}, {"fingertip_distance_table": [0.0, 102.17512550265283, 77.57855725774579, 89.91467897542704, 99.16332407680044, 102.17512550265283, 0.0, 100.90329483092202, 105.72043935344142, 102.87866120726333, 77.57855725774579, 100.90329483092202, 0.0, 13.733190087919578, 26.603639949979826, 89.91467897542704, 105.72043935344142, 13.733190087919578, 0.0, 14.568387139655032, 99.16332407680044, 102.87866120726333, 26.603639949979826, 14.568387139655032, 0.0], "finger_dot_table": [0.0067656061829452115, 56.09690866777554, 127.37534641752667, 117.18472311521457, 102.67573531412624, 56.09690866777554, 0.01197085505171441, 149.02399284083148, 147.5014610653171, 142.56101343126696, 127.37534641752667, 149.02399284083148, 0.0026483040435483557, 10.22533869289854, 24.979783153280625, 117.18472311521457, 147.5014610653171, 10.22533869289854, 0.0, 14.810188977876072, 102.67573531412624, 142.56101343126696, 24.979783153280625, 14.810188977876072, 0.015165230695229417], "finger_straight_table": [1.0, 1.0, 0.0, 0.0, 0.0], "bone_dot_table": [90.00000105055241, 13.442354065875818, 8.476440976793299, 18.71866388268294, 1.5306286134528069, 1.176378533355842, 82.95176544570454, 80.66311400926536, 34.17529315711508, 82.87694595788778, 79.15995508749076, 36.38521923269346, 81.98056825060918, 80.81078885860698, 35.189322692238015]}, {"fingertip_distance_table": [0.0, 106.3663224577224, 81.83909154942269, 93.75511460816519, 102.10179399405362, 106.3663224577224, 0.0, 102.08496501996765, 106.98512366968396, 103.96452624980604, 81.83909154942269, 102.08496501996765, 0.0, 14.0143938202765, 26.468242814112042, 93.75511460816519, 106.98512366968396, 14.0143938202765, 0.0, 14.215033830048375, 102.10179399405362, 103.96452624980604, 26.468242814112042, 14.215033830048375, 0.0], "finger_dot_table": [0.008741963538446522, 59.27937312971831, 126.77043843019747, 116.96930595286595, 101.15075287036598, 59.27937312971831, 0.0, 150.09016621200843, 148.9638724870207, 143.45109732033922, 126.77043843019747, 150.09016621200843, 0.0, 9.801710904128177, 25.68923315105783, 116.96930595286595, 148.9638724870207, 9.801710904128177, 0.0, 15.92674653291828, 101.15075287036598, 143.45109732033922, 25.68923315105783, 15.92674653291828, 0.006699295911027635], "finger_straight_table": [1.0, 1.0, 0.0, 0.0, 0.0], "bone_dot_table": [90.00000105055241, 14.16896875147387, 16.567574691391588, 16.149590352760605, 4.199678878524364, 3.2186767951101514, 82.48664998040572, 80.89162451832797, 34.43854184735751, 82.51345412567893, 79.80179927146435, 35.866596478689665, 82.07320469493813, 80.99194138898211, 34.99628642215375]}, {"fingertip_distance_table": [0.0, 116.34360846772113, 83.23822292617427, 95.73058046860561, 105.18376298347447, 116.34360846772113, 0.0, 102.49325023885854, 107.01444147462168, 104.18725382060272, 83.23822292617427, 102.49325023885854, 0.0, 14.238430890288546, 26.413146596786007, 95.73058046860561, 107.01444147462168, 14.238430890288546, 0.0, 13.709924325538372, 105.18376298347447, 104.18725382060272, 26.413146596786007, 13.709924325538372, 0.0], "finger_dot_table": [0.008575306606209131, 63.23525717046757, 118.81224975019532, 109.5248863778853, 93.3276703154792, 63.23525717046757, 0.0, 147.2751704621625, 146.49269896360823, 140.3123963964013, 118.81224975019532, 147.2751704621625, 0.01901532297460862, 9.369389940254218, 25.71089874327228, 109.5248863778853, 146.49269896360823, 9.369389940254218, 0.01857771031391693, 16.341836828406535, 93.3276703154792, 140.3123963964013, 25.71089874327228, 16.341836828406535, 0.018908724611921366], "finger_straight_table": [1.0, 1.0, 0.0, 0.0, 0.0], "bone_dot_table": [90.00000105055241, 14.867137000338714, 24.246093077698333, 14.502954063308131, 8.749256132076042, 6.703996673441651, 82.14830028276283, 79.41409324562504, 33.95605899404639, 81.74450428467357, 79.19520952865622, 35.22336538565024, 81.91046776901877, 78.74322822925365, 33.870594869139424]}, {"fingertip_distance_table": [0.0, 119.59583700163373, 85.36164437601572, 97.68464180131258, 106.86404959319061, 119.59583700163373, 0.0, 104.92340361325971, 109.52266794753278, 106.51342049803634, 85.36164437601572, 104.92340361325971, 0.0, 14.502728828426767, 26.825882758141287, 97.68464180131258, 109.52266794753278, 14.502728828426767, 0.0, 13.930016494057616, 106.86404959319061, 106.51342049803634, 26.825882758141287, 13.930016494057616, 0.0], "finger_dot_table": [0.007857566410734642, 64.2180495569506, 117.98087844589033, 108.97176754838661, 92.80794218779468, 64.2180495569506, 0.0, 151.67698595832192, 150.9210350029956, 144.48741529359114, 117.98087844589033, 151.67698595832192, 0.001920065012888055, 9.064521046535349, 25.400574527039232, 108.97176754838661, 150.9210350029956, 9.064521046535349, 0.007289745171244338, 16.342309226189265, 92.80794218779468, 144.48741529359114, 25.400574527039232, 16.342309226189265, 0.0], "finger_straight_table": [1.0, 1.0, 0.0, 0.0, 0.0], "bone_dot_table": [90.00000105055241, 14.785947378814189, 28.056758434356595, 13.431939998561756, 7.855077638609402, 6.238997146768275, 81.1479963068859, 79.21256540068758, 34.2130405652783, 81.10188731121227, 78.86333730738139, 34.67715717508152, 81.64643149401647, 78.93542344010962, 33.99991575296077]}, {"fingertip_distance_table": [0.0, 123.60802305741682, 89.04523547174284, 100.9996102771045, 109.92551126871764, 123.60802305741682, 0.0, 105.00068823422579, 109.92698928721882, 107.44395693995565, 89.04523547174284, 105.00068823422579, 0.0, 15.035463399666428, 27.613848143827525, 100.9996102771045, 109.92698928721882, 15.035463399666428, 0.0, 14.104407980682524, 109.92551126871764, 107.44395693995565, 27.613848143827525, 14.104407980682524, 0.0], "finger_dot_table": [0.0, 66.98484762147851, 115.76085630891478, 107.06843659365423, 91.07782049046472, 66.98484762147851, 0.0, 152.8812787392632, 152.6623315914609, 146.6417517480645, 115.76085630891478, 152.8812787392632, 0.0, 8.767175564667692, 24.952904107061382, 107.06843659365423, 152.6623315914609, 8.767175564667692, 0.0, 16.189129179758407, 91.07782049046472, 146.6417517480645, 24.952904107061382, 16.189129179758407, 0.012668053824216473], "finger_straight_table": [1.0, 1.0, 0.0, 0.0, 0.0], "bone_dot_table": [90.00000105055241, 14.854401298804554, 28.578776879412043, 13.43987056099896, 6.85740751813602, 5.519516251144593, 78.92843986205372, 79.39190659985985, 35.082535676591135, 79.46414248034277, 79.22393877307391, 35.06139772518267, 80.9790193132902, 79.53470521953524, 34.470413773858155]}, {"fingertip_distance_table": [0.0, 119.53647427893749, 88.81911809449439, 100.81715620167971, 109.81255107717223, 119.53647427893749, 0.0, 99.56813198919556, 104.53522329992884, 103.20401804130123, 88.81911809449439, 99.56813198919556, 0.0, 15.57956273565281, 29.207514152752196, 100.81715620167971, 104.53522329992884, 15.57956273565281, 0.0, 14.917306174848743, 109.81255107717223, 103.20401804130123, 29.207514152752196, 14.917306174848743, 0.0], "finger_dot_table": [0.011986601721196432, 64.1282529458896, 116.39339249540238, 107.47599667693048, 89.95104192327828, 64.1282529458896, 0.0, 145.21940594912334, 144.3275054469038, 138.19632930191517, 116.39339249540238, 145.21940594912334, 0.0, 9.01582388104352, 26.855613944713706, 107.47599667693048, 144.3275054469038, 9.01582388104352, 0.017934375267206964, 17.848439754852592, 89.95104192327828, 138.19632930191517, 26.855613944713706, 17.848439754852592, 0.0], "finger_straight_table": [1.0, 1.0, 0.0, 0.0, 0.0], "bone_dot_table": [90.00000105055241, 13.252791214211628, 26.567941228429962, 12.876411248966592, 6.601525228954032, 5.26908521313876, 72.31417151704069, 79.53543046350903, 37.5291253269489, 72.29984199113451, 79.61673131608241, 37.608047368219964, 73.62627612439181, 80.20276623294805, 37.4367705655169]}, {"fingertip_distance_table": [0.0, 116.99857057545232, 88.51895081845336, 100.30280567701476, 109.23796390044058, 116.99857057545232, 0.0, 94.84950231599998, 100.67217739592441, 101.08661691601888, 88.51895081845336, 94.84950231599998, 0.0, 16.20217881172716, 30.4620332868112, 100.30280567701476, 100.67217739592441, 16.20217881172716, 0.0, 15.371647957415458, 109.23796390044058, 101.08661691601888, 30.4620332868112, 15.371647957415458, 0.0], "finger_dot_table": [0.00941750441682496, 62.53872356024965, 115.44121508712338, 106.25417992223109, 88.73718451113801, 62.53872356024965, 0.0154196604680526, 137.99643931981348, 137.78094072911333, 132.87987220049288, 115.44121508712338, 137.99643931981348, 0.0, 9.60968674613455, 27.87671513759098, 106.25417992223109, 137.78094072911333, 9.60968674613455, 0.0, 18.26718069318755, 88.73718451113801, 132.87987220049288, 27.87671513759098, 18.26718069318755, 0.0], "finger_straight_table": [1.0, 1.0, 0.0, 0.0, 0.0], "bone_dot_table": [90.00000105055241, 13.141829582075202, 26.003691963492873, 12.397689863074444, 6.282533782856478, 4.9586532012452675, 67.34863477667672, 78.98863291531563, 39.0471205159369, 67.99139670318681, 79.30955781230816, 38.983682318926526, 70.77341370685107, 79.84231446448744, 38.32772457254984]}, {"fingertip_distance_table": [0.0, 116.033757879918, 88.82124958565332, 100.88569011041054, 109.72860004471116, 116.033757879918, 0.0, 93.07833076502793, 98.08850047236069, 99.94332903811672, 88.82124958565332, 93.07833076502793, 0.0, 15.89765726091445, 30.669017508302122, 100.88569011041054, 98.08850047236069, 15.89765726091445, 0.0, 15.64244852701642, 109.72860004471116, 99.94332903811672, 30.669017508302122, 15.64244852701642, 0.0], "finger_dot_table": [0.0075030549959343345, 61.82524320585794, 115.0884553263154, 104.98398583041207, 87.38984139501885, 61.82524320585794, 0.0, 135.5551036125336, 133.3327374479411, 128.94999107389035, 115.0884553263154, 135.5551036125336, 0.0, 10.194299801085615, 28.646656368009793, 104.98398583041207, 133.3327374479411, 10.194299801085615, 0.0, 18.600241868109, 87.38984139501885, 128.94999107389035, 28.646656368009793, 18.600241868109, 0.0], "finger_straight_table": [1.0, 1.0, 0.0, 0.0, 0.0], "bone_dot_table": [90.00000105055241, 13.28933597114612, 26.21831275148721, 11.669825561975824, 6.1658698300008155, 4.8316903931102555, 65.9266581620523, 79.20006756007103, 39.666538072087846, 64.8872468015911, 79.44750736273512, 40.169343313149355, 68.72926280919441, 79.78307322261232, 39.07443986043561]}, {"fingertip_distance_table": [0.0, 114.12746469454511, 88.15802637599747, 100.2980215652653, 110.41342978515358, 114.12746469454511, 0.0, 89.66344147561617, 96.46708389869694, 98.13473258314524, 88.15802637599747, 89.66344147561617, 0.0, 16.552156406177364, 31.42504440692406, 100.2980215652653, 96.46708389869694, 16.552156406177364, 0.0, 15.912407863218862, 110.41342978515358, 98.13473258314524, 31.42504440692406, 15.912407863218862, 0.0], "finger_dot_table": [0.0, 60.553116609987256, 115.84249147972476, 106.17996313450656, 87.41222255409288, 60.553116609987256, 0.0, 134.47667327300783, 133.61920672759854, 126.87867007517951, 115.84249147972476, 134.47667327300783, 0.004467567086179425, 10.065949166583698, 29.299720843553494, 106.17996313450656, 133.61920672759854, 10.065949166583698, 0.0026059118924034856, 19.24108091441726, 87.41222255409288, 126.87867007517951, 29.299720843553494, 19.24108091441726, 0.0], "finger_straight_table": [1.0, 1.0, 0.0, 0.0, 0.0], "bone_dot_table": [90.00000105055241, 12.936501359839655, 25.73423456265846, 11.589371964348938, 5.858388381175544, 4.521732267401365, 63.73040191244721, 82.76612929290556, 42.293124920204114, 64.07656210858993, 83.24604108348807, 42.40058278593337, 65.29749597731166, 84.2727705865354, 42.65838310121205]}, {"fingertip_distance_table": [0.0, 115.29167990737886, 88.08526837874624, 101.1345680354794, 112.25223598400413, 115.29167990737886, 0.0, 89.72897466379122, 95.05884567386589, 96.49840738797188, 88.08526837874624, 89.72897466379122, 0.0, 15.411749115376733, 30.05021626069289, 101.1345680354794, 95.05884567386589, 15.411749115376733, 0.0, 15.510490848983267, 112.25223598400413, 96.49840738797188, 30.05021626069289, 15.510490848983267, 0.0], "finger_dot_table": [0.0, 61.46728524592345, 116.3764292687306, 105.32778486195014, 85.15973373178721, 61.46728524592345, 0.014484953395903596, 138.54355670203688, 133.7752490875704, 124.13322231565473, 116.3764292687306, 138.54355670203688, 0.013377810535071184, 11.102538407278736, 31.218522150561363, 105.32778486195014, 133.7752490875704, 11.102538407278736, 0.009545100902394459, 20.224193940756223, 85.15973373178721, 124.13322231565473, 31.218522150561363, 20.224193940756223, 0.0], "finger_straight_table": [1.0, 1.0, 0.0, 0.0, 0.0], "bone_dot_table": [90.00000105055241, 12.276012093097625, 23.10485551606987, 13.325806015316395, 5.3429974255183526, 4.036406856107499, 67.04255683926922, 86.87273441677455, 43.05960791894472, 64.5922894256527, 86.31038456808979, 43.75036629040488, 64.08185480696596, 86.1026698557465, 44.08261729191132]}, {"fingertip_distance_table": [0.0, 114.40417212557425, 87.35281314077231, 100.48707297478008, 111.71579606192287, 114.40417212557425, 0.0, 89.5033539202342, 94.75951146487756, 96.10737825021577, 87.35281314077231, 89.5033539202342, 0.0, 15.271946053768083, 29.733347898064487, 100.48707297478008, 94.75951146487756, 15.271946053768083, 0.0, 15.32034953191139, 111.71579606192287, 96.10737825021577, 29.733347898064487, 15.32034953191139, 0.0], "finger_dot_table": [0.0, 60.8940279203733, 116.7542843130397, 105.6670357391362, 85.11641868321013, 60.8940279203733, 0.013690826506231315, 138.60612878351003, 134.05634121610913, 124.43015173021136, 116.7542843130397, 138.60612878351003, 0.01793250061516859, 11.112925261255235, 31.662039832603977, 105.6670357391362, 134.05634121610913, 11.112925261255235, 0.0, 20.654514590565668, 85.11641868321013, 124.43015173021136, 31.662039832603977, 20.654514590565668, 0.0], "finger_straight_table": [1.0, 1.0, 0.0, 0.0, 0.0], "bone_dot_table": [90.00000105055241, 11.385969552394325, 20.371260495539413, 14.869324395038573, 5.116263079532288, 3.8108452909768435, 68.57059113976128, 87.43734349161636, 42.736435139013786, 65.85873214669189, 87.35326520795533, 43.77585898930873, 65.24912636866036, 87.32905075357003, 44.242182729496086]}, {"fingertip_distance_table": [0.0, 114.37304328470448, 87.79719068983738, 100.57032134242824, 112.23401722681301, 114.37304328470448, 0.0, 90.20392061542645, 95.89664595677769, 95.63675770606912, 87.79719068983738, 90.20392061542645, 0.0, 15.01628915705447, 29.36968682673874, 100.57032134242824, 95.89664595677769, 15.01628915705447, 0.0, 15.598393644637014, 112.23401722681301, 95.63675770606912, 29.36968682673874, 15.598393644637014, 0.0], "finger_dot_table": [0.013083801999037326, 61.33054739279332, 117.23700379232109, 106.25374657878754, 84.85707963182637, 61.33054739279332, 0.017839840752445452, 139.01205993512016, 135.3429590559529, 123.28096292712951, 117.23700379232109, 139.01205993512016, 0.0, 10.98354145833419, 32.38706950489992, 106.25374657878754, 135.3429590559529, 10.98354145833419, 0.014493069364334935, 21.405400514917257, 84.85707963182637, 123.28096292712951, 32.38706950489992, 21.405400514917257, 0.0], "finger_straight_table": [1.0, 1.0, 0.0, 0.0, 0.0], "bone_dot_table": [90.00000105055241, 10.880582192054762, 18.932342212514552, 16.03023882878531, 5.4698690241157335, 4.0292659013342815, 71.06380718959956, 87.48945286901454, 41.77478337118547, 69.01631420942381, 87.67246334823851, 42.68130003588791, 65.76491553520995, 87.67769329006956, 44.21195722670765]}, {"fingertip_distance_table": [0.0, 112.695212850230